row_number
63
col_number
63
rank
26
ary
64
*****1's_location/per_row****
0   8   1   2  6   3  8   12  14   20  38   27  48   13  49   26  52   21  
1   8   2   4  12   5  13   10  16   19  28   28  33   18  35   11  41   29  
2   8   3   8  4   16  7   6  19   30  24   17  26   7  32   9  56   31  
3   8   5   32  29   56  39   54  40   47  43   55  55   46  60   57  62   33  
4   8   11   35  21   59  22   53  25   34  37   44  42   58  44   45  50   52  
5   8   20   60  30   51  31   37  34   36  46   50  51   43  53   42  59   61  
6   8   10   48  15   40  17   38  23   41  47   39  57   62  58   63  61   49  
7   8   0   1  6   3  30   51  40   47  41   29  44   45  56   31  61   49  
8   8   2   4  7   6  9   24  15   40  39   54  49   26  50   52  53   42  
9   8   12   5  22   53  23   41  26   7  38   27  43   55  45   25  51   43  
10   8   3   8  13   10  14   20  17   38  29   56  34   36  36   22  42   58  
11   8   21   59  31   37  32   9  35   11  47   39  52   21  54   23  60   57  
12   8   4   16  5   32  8   12  20   60  25   34  27   14  33   18  57   62  
13   8   11   35  16   19  18   15  24   17  48   13  58   63  59   61  62   33  
14   8   0   1  1   2  4   16  16   19  21   59  23   41  29   56  53   42  
15   8   2   4  26   7  36   22  37   44  40   47  52   21  57   62  59   61  
16   8   7   6  12   5  14   20  20   60  44   45  54   23  55   46  58   63  
17   8   3   8  5   32  11   35  35   11  45   25  46   50  49   26  61   49  
18   8   9   24  10   48  13   10  25   34  30   51  32   9  38   27  62   33  
19   8   8   12  18   15  19   30  22   53  34   36  39   54  41   29  47   39  
20   8   17   38  27   14  28   28  31   37  43   55  48   13  50   52  56   31  
21   8   0   1  12   5  17   38  19   30  25   34  49   26  59   61  60   57  
22   8   1   2  7   6  31   37  41   29  42   58  45   25  57   62  62   33  
23   8   5   32  6   3  9   24  21   59  26   7  28   28  34   36  58   63  
24   8   3   8  8   12  10   48  16   19  40   47  50   52  51   43  54   23  
25   8   22   53  32   9  33   18  36   22  48   13  53   42  55   46  61   49  
26   8   13   10  23   41  24   17  27   14  39   54  44   45  46   50  52   21  
27   8   4   16  14   20  15   40  18   15  30   51  35   11  37   44  43   55  
28   8   0   1  2   4  8   12  32   9  42   58  43   55  46   50  58   63  
29   8   1   2  13   10  18   15  20   60  26   7  50   52  60   57  61   49  
30   8   6   3  7   6  10   48  22   53  27   14  29   56  35   11  59   61  
31   8   4   16  9   24  11   35  17   38  41   29  51   43  52   21  55   46  
32   8   14   20  24   17  25   34  28   28  40   47  45   25  47   39  53   42  
33   8   23   41  33   18  34   36  37   44  49   26  54   23  56   31  62   33  
34   8   5   32  15   40  16   19  19   30  31   37  36   22  38   27  44   45  
35   8   0   1  10   48  11   35  14   20  26   7  31   37  33   18  39   54  
36   8   1   2  2   4  5   32  17   38  22   53  24   17  30   51  54   23  
37   8   4   16  6   3  12   5  36   22  46   50  47   39  50   52  62   33  
38   8   3   8  27   14  37   44  38   27  41   29  53   42  58   63  60   57  
39   8   18   15  28   28  29   56  32   9  44   45  49   26  51   43  57   62  
40   8   8   12  13   10  15   40  21   59  45   25  55   46  56   31  59   61  
41   8   9   24  19   30  20   60  23   41  35   11  40   47  42   58  48   13  
42   8   0   1  5   32  7   6  13   10  37   44  47   39  48   13  51   43  
43   8   1   2  11   35  12   5  15   40  27   14  32   9  34   36  40   47  
44   8   2   4  3   8  6   3  18   15  23   41  25   34  31   37  55   46  
45   8   4   16  28   28  38   27  39   54  42   58  54   23  59   61  61   49  
46   8   10   48  20   60  21   59  24   17  36   22  41   29  43   55  49   26  
47   8   19   30  29   56  30   51  33   18  45   25  50   52  52   21  58   63  
48   8   9   24  14   20  16   19  22   53  46   50  56   31  57   62  60   57  
49   8   0   1  3   8  15   40  20   60  22   53  28   28  52   21  62   33  
50   8   1   2  25   34  35   11  36   22  39   54  51   43  56   31  58   63  
51   8   6   3  11   35  13   10  19   30  43   55  53   42  54   23  57   62  
52   8   2   4  4   16  10   48  34   36  44   45  45   25  48   13  60   57  
53   8   8   12  9   24  12   5  24   17  29   56  31   37  37   44  61   49  
54   8   7   6  17   38  18   15  21   59  33   18  38   27  40   47  46   50  
55   8   16   19  26   7  27   14  30   51  42   58  47   39  49   26  55   46  
56   8   0   1  24   17  34   36  35   11  38   27  50   52  55   46  57   62  
57   8   1   2  3   8  9   24  33   18  43   55  44   45  47   39  59   61  
58   8   6   3  16   19  17   38  20   60  32   9  37   44  39   54  45   25  
59   8   2   4  14   20  19   30  21   59  27   14  51   43  61   49  62   33  
60   8   5   32  10   48  12   5  18   15  42   58  52   21  53   42  56   31  
61   8   7   6  8   12  11   35  23   41  28   28  30   51  36   22  60   57  
62   8   15   40  25   34  26   7  29   56  41   29  46   50  48   13  54   23  
*****1's_location/per_row****
0   24   0   1  26   7  28   28  30   51  32   9  34   36  37   44  39   54  40   47  41   29  42   58  43   55  44   45  45   25  46   50  47   39  48   13  49   26  50   52  51   43  53   42  55   46  59   61  61   49  
1   24   1   1  27   7  29   28  31   51  33   9  35   36  38   44  40   54  41   47  42   29  43   58  44   55  45   45  46   25  47   50  48   39  49   13  50   26  51   52  52   43  54   42  56   46  60   61  62   49  
2   8   2   1  26   17  36   36  37   11  40   27  52   52  57   46  59   62  
3   8   3   1  27   17  37   36  38   11  41   27  53   52  58   46  60   62  
4   8   4   1  28   17  38   36  39   11  42   27  54   52  59   46  61   62  
5   8   5   1  29   17  39   36  40   11  43   27  55   52  60   46  62   62  
6   20   6   1  26   60  28   53  32   7  34   28  37   37  39   18  42   22  43   44  45   54  46   47  47   29  48   58  49   55  50   45  51   25  53   39  55   26  56   52  59   42  
7   20   7   1  27   60  29   53  33   7  35   28  38   37  40   18  43   22  44   44  46   54  47   47  48   29  49   58  50   55  51   45  52   25  54   39  56   26  57   52  60   42  
8   20   8   1  28   60  30   53  34   7  36   28  39   37  41   18  44   22  45   44  47   54  48   47  49   29  50   58  51   55  52   45  53   25  55   39  57   26  58   52  61   42  
9   20   9   1  29   60  31   53  35   7  37   28  40   37  42   18  45   22  46   44  48   54  49   47  50   29  51   58  52   55  53   45  54   25  56   39  58   26  59   52  62   42  
10   18   10   1  26   19  28   15  34   17  36   7  37   14  38   28  39   56  40   51  42   9  44   36  45   11  48   27  52   58  54   45  57   39  60   52  61   43  
11   18   11   1  27   19  29   15  35   17  37   7  38   14  39   28  40   56  41   51  43   9  45   36  46   11  49   27  53   58  55   45  58   39  61   52  62   43  
12   18   12   1  26   20  32   60  34   53  36   17  37   34  38   7  43   37  45   18  48   22  49   44  51   54  53   29  54   58  55   55  56   45  61   26  62   52  
13   26   13   1  26   10  27   20  28   40  30   38  32   30  33   60  34   59  35   53  38   34  40   14  41   28  42   56  43   51  45   9  47   36  48   11  51   27  52   54  53   47  54   29  56   55  57   45  59   50  61   13  62   26  
14   24   14   1  26   5  27   10  29   40  30   19  31   38  32   15  33   30  35   59  36   53  37   41  40   7  45   37  47   18  50   22  51   44  52   27  54   47  57   55  58   45  59   25  60   50  61   39  62   13  
15   20   15   1  26   35  27   5  31   19  33   15  36   59  38   41  39   17  40   34  42   14  43   28  44   56  45   51  47   9  49   36  50   11  52   44  58   55  60   25  62   39  
16   8   16   1  26   48  27   35  30   20  42   7  47   37  49   18  55   54  
17   8   17   1  27   48  28   35  31   20  43   7  48   37  50   18  56   54  
18   8   18   1  28   48  29   35  32   20  44   7  49   37  51   18  57   54  
19   8   19   1  29   48  30   35  33   20  45   7  50   37  52   18  58   54  
20   8   20   1  30   48  31   35  34   20  46   7  51   37  53   18  59   54  
21   8   21   1  31   48  32   35  35   20  47   7  52   37  54   18  60   54  
22   8   22   1  32   48  33   35  36   20  48   7  53   37  55   18  61   54  
23   8   23   1  33   48  34   35  37   20  49   7  54   37  56   18  62   54  
24   24   24   1  26   4  28   16  30   3  32   12  35   35  37   10  38   20  39   40  40   19  41   38  42   15  43   30  44   60  45   59  46   53  47   41  48   17  49   34  51   14  53   56  57   18  59   11  61   44  
25   24   25   1  27   4  29   16  31   3  33   12  36   35  38   10  39   20  40   40  41   19  42   38  43   15  44   30  45   60  46   59  47   53  48   41  49   17  50   34  52   14  54   56  58   18  60   11  62   44  
