***MappingChart***
number_of_signal
64
length_of_signal
2
Coordinate
-3       -3
-3       -1
-3       -5
-3       -7
-3        3
-3        1
-3        5
-3        7
-1       -3
-1       -1
-1       -5
-1       -7
-1        3
-1        1
-1        5
-1        7
-5       -3
-5       -1
-5       -5
-5       -7
-5        3
-5        1
-5        5
-5        7
-7       -3
-7       -1
-7       -5
-7       -7
-7        3
-7        1
-7        5
-7        7             
3       -3
3       -1
3       -5
3       -7
3        3
3        1
3        5
3        7
1       -3
1       -1
1       -5
1       -7
1        3
1        1
1        5
1        7
5       -3
5       -1
5       -5
5       -7
5        3
5        1
5        5
5        7
7       -3
7       -1
7       -5
7       -7
7        3
7        1
7        5
7        7
min_distance
2.1
restricted_region_raduis
8.1 
Norm
42
Hx
6
