6                 50
6.25                 50
6.5                 50
6.75                 50
7                 50
7.25                 50
7.5                 50
7.75                 50
8                 50
8.25                 50
8.5                 50
8.75                 50
9                 50
9.25                 50
9.5                 50
9.75                 50
10                 50
10.25                 50
10.5                 50
10.75                 49.2059
11                 49.5644
11.25                 47.243
11.5                 43.3697
11.75                 39.6544
12                 36.7867
12.25                 28.3112
12.5                 22.4838
12.75                 20.0651
13                 14.5262
13.25                 11.0449
13.5                 7.17647
13.75                 5.3942
14                 4.28543
14.25                 3.08686
14.5                 2.38067
14.75                 2.0195
15                 1.74071
15.25                 1.5491
15.5                 1.38513
