***MappingChart***
number_of_signal
256
length_of_signal
4
signal_set
-3  -3  -3  -3  
-1  -3  -3  -3  
1  -3  -3  -3  
3  -3  -3  -3  
-3  -1  -3  -3  
-1  -1  -3  -3  
1  -1  -3  -3  
3  -1  -3  -3  
-3  1  -3  -3  
-1  1  -3  -3  
1  1  -3  -3  
3  1  -3  -3  
-3  3  -3  -3  
-1  3  -3  -3  
1  3  -3  -3  
3  3  -3  -3  
-3  -3  -1  -3  
-1  -3  -1  -3  
1  -3  -1  -3  
3  -3  -1  -3  
-3  -1  -1  -3  
-1  -1  -1  -3  
1  -1  -1  -3  
3  -1  -1  -3  
-3  1  -1  -3  
-1  1  -1  -3  
1  1  -1  -3  
3  1  -1  -3  
-3  3  -1  -3  
-1  3  -1  -3  
1  3  -1  -3  
3  3  -1  -3  
-3  -3  1  -3  
-1  -3  1  -3  
1  -3  1  -3  
3  -3  1  -3  
-3  -1  1  -3  
-1  -1  1  -3  
1  -1  1  -3  
3  -1  1  -3  
-3  1  1  -3  
-1  1  1  -3  
1  1  1  -3  
3  1  1  -3  
-3  3  1  -3  
-1  3  1  -3  
1  3  1  -3  
3  3  1  -3  
-3  -3  3  -3  
-1  -3  3  -3  
1  -3  3  -3  
3  -3  3  -3  
-3  -1  3  -3  
-1  -1  3  -3  
1  -1  3  -3  
3  -1  3  -3  
-3  1  3  -3  
-1  1  3  -3  
1  1  3  -3  
3  1  3  -3  
-3  3  3  -3  
-1  3  3  -3  
1  3  3  -3  
3  3  3  -3  
-3  -3  -3  -1  
-1  -3  -3  -1  
1  -3  -3  -1  
3  -3  -3  -1  
-3  -1  -3  -1  
-1  -1  -3  -1  
1  -1  -3  -1  
3  -1  -3  -1  
-3  1  -3  -1  
-1  1  -3  -1  
1  1  -3  -1  
3  1  -3  -1  
-3  3  -3  -1  
-1  3  -3  -1  
1  3  -3  -1  
3  3  -3  -1  
-3  -3  -1  -1  
-1  -3  -1  -1  
1  -3  -1  -1  
3  -3  -1  -1  
-3  -1  -1  -1  
-1  -1  -1  -1  
1  -1  -1  -1  
3  -1  -1  -1  
-3  1  -1  -1  
-1  1  -1  -1  
1  1  -1  -1  
3  1  -1  -1  
-3  3  -1  -1  
-1  3  -1  -1  
1  3  -1  -1  
3  3  -1  -1  
-3  -3  1  -1  
-1  -3  1  -1  
1  -3  1  -1  
3  -3  1  -1  
-3  -1  1  -1  
-1  -1  1  -1  
1  -1  1  -1  
3  -1  1  -1  
-3  1  1  -1  
-1  1  1  -1  
1  1  1  -1  
3  1  1  -1  
-3  3  1  -1  
-1  3  1  -1  
1  3  1  -1  
3  3  1  -1  
-3  -3  3  -1  
-1  -3  3  -1  
1  -3  3  -1  
3  -3  3  -1  
-3  -1  3  -1  
-1  -1  3  -1  
1  -1  3  -1  
3  -1  3  -1  
-3  1  3  -1  
-1  1  3  -1  
1  1  3  -1  
3  1  3  -1  
-3  3  3  -1  
-1  3  3  -1  
1  3  3  -1  
3  3  3  -1  
-3  -3  -3  1  
-1  -3  -3  1  
1  -3  -3  1  
3  -3  -3  1  
-3  -1  -3  1  
-1  -1  -3  1  
1  -1  -3  1  
3  -1  -3  1  
-3  1  -3  1  
-1  1  -3  1  
1  1  -3  1  
3  1  -3  1  
-3  3  -3  1  
-1  3  -3  1  
1  3  -3  1  
3  3  -3  1  
-3  -3  -1  1  
-1  -3  -1  1  
1  -3  -1  1  
3  -3  -1  1  
-3  -1  -1  1  
-1  -1  -1  1  
1  -1  -1  1  
3  -1  -1  1  
-3  1  -1  1  
-1  1  -1  1  
1  1  -1  1  
3  1  -1  1  
-3  3  -1  1  
-1  3  -1  1  
1  3  -1  1  
3  3  -1  1  
-3  -3  1  1  
-1  -3  1  1  
1  -3  1  1  
3  -3  1  1  
-3  -1  1  1  
-1  -1  1  1  
1  -1  1  1  
3  -1  1  1  
-3  1  1  1  
-1  1  1  1  
1  1  1  1  
3  1  1  1  
-3  3  1  1  
-1  3  1  1  
1  3  1  1  
3  3  1  1  
-3  -3  3  1  
-1  -3  3  1  
1  -3  3  1  
3  -3  3  1  
-3  -1  3  1  
-1  -1  3  1  
1  -1  3  1  
3  -1  3  1  
-3  1  3  1  
-1  1  3  1  
1  1  3  1  
3  1  3  1  
-3  3  3  1  
-1  3  3  1  
1  3  3  1  
3  3  3  1  
-3  -3  -3  3  
-1  -3  -3  3  
1  -3  -3  3  
3  -3  -3  3  
-3  -1  -3  3  
-1  -1  -3  3  
1  -1  -3  3  
3  -1  -3  3  
-3  1  -3  3  
-1  1  -3  3  
1  1  -3  3  
3  1  -3  3  
-3  3  -3  3  
-1  3  -3  3  
1  3  -3  3  
3  3  -3  3  
-3  -3  -1  3  
-1  -3  -1  3  
1  -3  -1  3  
3  -3  -1  3  
-3  -1  -1  3  
-1  -1  -1  3  
1  -1  -1  3  
3  -1  -1  3  
-3  1  -1  3  
-1  1  -1  3  
1  1  -1  3  
3  1  -1  3  
-3  3  -1  3  
-1  3  -1  3  
1  3  -1  3  
3  3  -1  3  
-3  -3  1  3  
-1  -3  1  3  
1  -3  1  3  
3  -3  1  3  
-3  -1  1  3  
-1  -1  1  3  
1  -1  1  3  
3  -1  1  3  
-3  1  1  3  
-1  1  1  3  
1  1  1  3  
3  1  1  3  
-3  3  1  3  
-1  3  1  3  
1  3  1  3  
3  3  1  3  
-3  -3  3  3  
-1  -3  3  3  
1  -3  3  3  
3  -3  3  3  
-3  -1  3  3  
-1  -1  3  3  
1  -1  3  3  
3  -1  3  3  
-3  1  3  3  
-1  1  3  3  
1  1  3  3  
3  1  3  3  
-3  3  3  3  
-1  3  3  3  
1  3  3  3  
3  3  3  3
min_distance
2.1 
restricted_region_raduis
5.1
Norm
20
Hx
8.0
