***MappingChart***
number_of_signal
256
length_of_signal
8
signal_set
-1  -1  -1  -1  -1  -1  -1  -1  
1  -1  -1  -1  -1  -1  -1  -1  
-1  1  -1  -1  -1  -1  -1  -1  
1  1  -1  -1  -1  -1  -1  -1  
-1  -1  1  -1  -1  -1  -1  -1  
1  -1  1  -1  -1  -1  -1  -1  
-1  1  1  -1  -1  -1  -1  -1  
1  1  1  -1  -1  -1  -1  -1  
-1  -1  -1  1  -1  -1  -1  -1  
1  -1  -1  1  -1  -1  -1  -1  
-1  1  -1  1  -1  -1  -1  -1  
1  1  -1  1  -1  -1  -1  -1  
-1  -1  1  1  -1  -1  -1  -1  
1  -1  1  1  -1  -1  -1  -1  
-1  1  1  1  -1  -1  -1  -1  
1  1  1  1  -1  -1  -1  -1  
-1  -1  -1  -1  1  -1  -1  -1  
1  -1  -1  -1  1  -1  -1  -1  
-1  1  -1  -1  1  -1  -1  -1  
1  1  -1  -1  1  -1  -1  -1  
-1  -1  1  -1  1  -1  -1  -1  
1  -1  1  -1  1  -1  -1  -1  
-1  1  1  -1  1  -1  -1  -1  
1  1  1  -1  1  -1  -1  -1  
-1  -1  -1  1  1  -1  -1  -1  
1  -1  -1  1  1  -1  -1  -1  
-1  1  -1  1  1  -1  -1  -1  
1  1  -1  1  1  -1  -1  -1  
-1  -1  1  1  1  -1  -1  -1  
1  -1  1  1  1  -1  -1  -1  
-1  1  1  1  1  -1  -1  -1  
1  1  1  1  1  -1  -1  -1  
-1  -1  -1  -1  -1  1  -1  -1  
1  -1  -1  -1  -1  1  -1  -1  
-1  1  -1  -1  -1  1  -1  -1  
1  1  -1  -1  -1  1  -1  -1  
-1  -1  1  -1  -1  1  -1  -1  
1  -1  1  -1  -1  1  -1  -1  
-1  1  1  -1  -1  1  -1  -1  
1  1  1  -1  -1  1  -1  -1  
-1  -1  -1  1  -1  1  -1  -1  
1  -1  -1  1  -1  1  -1  -1  
-1  1  -1  1  -1  1  -1  -1  
1  1  -1  1  -1  1  -1  -1  
-1  -1  1  1  -1  1  -1  -1  
1  -1  1  1  -1  1  -1  -1  
-1  1  1  1  -1  1  -1  -1  
1  1  1  1  -1  1  -1  -1  
-1  -1  -1  -1  1  1  -1  -1  
1  -1  -1  -1  1  1  -1  -1  
-1  1  -1  -1  1  1  -1  -1  
1  1  -1  -1  1  1  -1  -1  
-1  -1  1  -1  1  1  -1  -1  
1  -1  1  -1  1  1  -1  -1  
-1  1  1  -1  1  1  -1  -1  
1  1  1  -1  1  1  -1  -1  
-1  -1  -1  1  1  1  -1  -1  
1  -1  -1  1  1  1  -1  -1  
-1  1  -1  1  1  1  -1  -1  
1  1  -1  1  1  1  -1  -1  
-1  -1  1  1  1  1  -1  -1  
1  -1  1  1  1  1  -1  -1  
-1  1  1  1  1  1  -1  -1  
1  1  1  1  1  1  -1  -1  
-1  -1  -1  -1  -1  -1  1  -1  
1  -1  -1  -1  -1  -1  1  -1  
-1  1  -1  -1  -1  -1  1  -1  
1  1  -1  -1  -1  -1  1  -1  
-1  -1  1  -1  -1  -1  1  -1  
1  -1  1  -1  -1  -1  1  -1  
-1  1  1  -1  -1  -1  1  -1  
1  1  1  -1  -1  -1  1  -1  
-1  -1  -1  1  -1  -1  1  -1  
1  -1  -1  1  -1  -1  1  -1  
-1  1  -1  1  -1  -1  1  -1  
1  1  -1  1  -1  -1  1  -1  
-1  -1  1  1  -1  -1  1  -1  
1  -1  1  1  -1  -1  1  -1  
-1  1  1  1  -1  -1  1  -1  
1  1  1  1  -1  -1  1  -1  
-1  -1  -1  -1  1  -1  1  -1  
1  -1  -1  -1  1  -1  1  -1  
-1  1  -1  -1  1  -1  1  -1  
1  1  -1  -1  1  -1  1  -1  
-1  -1  1  -1  1  -1  1  -1  
1  -1  1  -1  1  -1  1  -1  
-1  1  1  -1  1  -1  1  -1  
1  1  1  -1  1  -1  1  -1  
-1  -1  -1  1  1  -1  1  -1  
1  -1  -1  1  1  -1  1  -1  
-1  1  -1  1  1  -1  1  -1  
1  1  -1  1  1  -1  1  -1  
-1  -1  1  1  1  -1  1  -1  
1  -1  1  1  1  -1  1  -1  
-1  1  1  1  1  -1  1  -1  
1  1  1  1  1  -1  1  -1  
-1  -1  -1  -1  -1  1  1  -1  
1  -1  -1  -1  -1  1  1  -1  
-1  1  -1  -1  -1  1  1  -1  
1  1  -1  -1  -1  1  1  -1  
-1  -1  1  -1  -1  1  1  -1  
1  -1  1  -1  -1  1  1  -1  
-1  1  1  -1  -1  1  1  -1  
1  1  1  -1  -1  1  1  -1  
-1  -1  -1  1  -1  1  1  -1  
1  -1  -1  1  -1  1  1  -1  
-1  1  -1  1  -1  1  1  -1  
1  1  -1  1  -1  1  1  -1  
-1  -1  1  1  -1  1  1  -1  
1  -1  1  1  -1  1  1  -1  
-1  1  1  1  -1  1  1  -1  
1  1  1  1  -1  1  1  -1  
-1  -1  -1  -1  1  1  1  -1  
1  -1  -1  -1  1  1  1  -1  
-1  1  -1  -1  1  1  1  -1  
1  1  -1  -1  1  1  1  -1  
-1  -1  1  -1  1  1  1  -1  
1  -1  1  -1  1  1  1  -1  
-1  1  1  -1  1  1  1  -1  
1  1  1  -1  1  1  1  -1  
-1  -1  -1  1  1  1  1  -1  
1  -1  -1  1  1  1  1  -1  
-1  1  -1  1  1  1  1  -1  
1  1  -1  1  1  1  1  -1  
-1  -1  1  1  1  1  1  -1  
1  -1  1  1  1  1  1  -1  
-1  1  1  1  1  1  1  -1  
1  1  1  1  1  1  1  -1  
-1  -1  -1  -1  -1  -1  -1  1  
1  -1  -1  -1  -1  -1  -1  1  
-1  1  -1  -1  -1  -1  -1  1  
1  1  -1  -1  -1  -1  -1  1  
-1  -1  1  -1  -1  -1  -1  1  
1  -1  1  -1  -1  -1  -1  1  
-1  1  1  -1  -1  -1  -1  1  
1  1  1  -1  -1  -1  -1  1  
-1  -1  -1  1  -1  -1  -1  1  
1  -1  -1  1  -1  -1  -1  1  
-1  1  -1  1  -1  -1  -1  1  
1  1  -1  1  -1  -1  -1  1  
-1  -1  1  1  -1  -1  -1  1  
1  -1  1  1  -1  -1  -1  1  
-1  1  1  1  -1  -1  -1  1  
1  1  1  1  -1  -1  -1  1  
-1  -1  -1  -1  1  -1  -1  1  
1  -1  -1  -1  1  -1  -1  1  
-1  1  -1  -1  1  -1  -1  1  
1  1  -1  -1  1  -1  -1  1  
-1  -1  1  -1  1  -1  -1  1  
1  -1  1  -1  1  -1  -1  1  
-1  1  1  -1  1  -1  -1  1  
1  1  1  -1  1  -1  -1  1  
-1  -1  -1  1  1  -1  -1  1  
1  -1  -1  1  1  -1  -1  1  
-1  1  -1  1  1  -1  -1  1  
1  1  -1  1  1  -1  -1  1  
-1  -1  1  1  1  -1  -1  1  
1  -1  1  1  1  -1  -1  1  
-1  1  1  1  1  -1  -1  1  
1  1  1  1  1  -1  -1  1  
-1  -1  -1  -1  -1  1  -1  1  
1  -1  -1  -1  -1  1  -1  1  
-1  1  -1  -1  -1  1  -1  1  
1  1  -1  -1  -1  1  -1  1  
-1  -1  1  -1  -1  1  -1  1  
1  -1  1  -1  -1  1  -1  1  
-1  1  1  -1  -1  1  -1  1  
1  1  1  -1  -1  1  -1  1  
-1  -1  -1  1  -1  1  -1  1  
1  -1  -1  1  -1  1  -1  1  
-1  1  -1  1  -1  1  -1  1  
1  1  -1  1  -1  1  -1  1  
-1  -1  1  1  -1  1  -1  1  
1  -1  1  1  -1  1  -1  1  
-1  1  1  1  -1  1  -1  1  
1  1  1  1  -1  1  -1  1  
-1  -1  -1  -1  1  1  -1  1  
1  -1  -1  -1  1  1  -1  1  
-1  1  -1  -1  1  1  -1  1  
1  1  -1  -1  1  1  -1  1  
-1  -1  1  -1  1  1  -1  1  
1  -1  1  -1  1  1  -1  1  
-1  1  1  -1  1  1  -1  1  
1  1  1  -1  1  1  -1  1  
-1  -1  -1  1  1  1  -1  1  
1  -1  -1  1  1  1  -1  1  
-1  1  -1  1  1  1  -1  1  
1  1  -1  1  1  1  -1  1  
-1  -1  1  1  1  1  -1  1  
1  -1  1  1  1  1  -1  1  
-1  1  1  1  1  1  -1  1  
1  1  1  1  1  1  -1  1  
-1  -1  -1  -1  -1  -1  1  1  
1  -1  -1  -1  -1  -1  1  1  
-1  1  -1  -1  -1  -1  1  1  
1  1  -1  -1  -1  -1  1  1  
-1  -1  1  -1  -1  -1  1  1  
1  -1  1  -1  -1  -1  1  1  
-1  1  1  -1  -1  -1  1  1  
1  1  1  -1  -1  -1  1  1  
-1  -1  -1  1  -1  -1  1  1  
1  -1  -1  1  -1  -1  1  1  
-1  1  -1  1  -1  -1  1  1  
1  1  -1  1  -1  -1  1  1  
-1  -1  1  1  -1  -1  1  1  
1  -1  1  1  -1  -1  1  1  
-1  1  1  1  -1  -1  1  1  
1  1  1  1  -1  -1  1  1  
-1  -1  -1  -1  1  -1  1  1  
1  -1  -1  -1  1  -1  1  1  
-1  1  -1  -1  1  -1  1  1  
1  1  -1  -1  1  -1  1  1  
-1  -1  1  -1  1  -1  1  1  
1  -1  1  -1  1  -1  1  1  
-1  1  1  -1  1  -1  1  1  
1  1  1  -1  1  -1  1  1  
-1  -1  -1  1  1  -1  1  1  
1  -1  -1  1  1  -1  1  1  
-1  1  -1  1  1  -1  1  1  
1  1  -1  1  1  -1  1  1  
-1  -1  1  1  1  -1  1  1  
1  -1  1  1  1  -1  1  1  
-1  1  1  1  1  -1  1  1  
1  1  1  1  1  -1  1  1  
-1  -1  -1  -1  -1  1  1  1  
1  -1  -1  -1  -1  1  1  1  
-1  1  -1  -1  -1  1  1  1  
1  1  -1  -1  -1  1  1  1  
-1  -1  1  -1  -1  1  1  1  
1  -1  1  -1  -1  1  1  1  
-1  1  1  -1  -1  1  1  1  
1  1  1  -1  -1  1  1  1  
-1  -1  -1  1  -1  1  1  1  
1  -1  -1  1  -1  1  1  1  
-1  1  -1  1  -1  1  1  1  
1  1  -1  1  -1  1  1  1  
-1  -1  1  1  -1  1  1  1  
1  -1  1  1  -1  1  1  1  
-1  1  1  1  -1  1  1  1  
1  1  1  1  -1  1  1  1  
-1  -1  -1  -1  1  1  1  1  
1  -1  -1  -1  1  1  1  1  
-1  1  -1  -1  1  1  1  1  
1  1  -1  -1  1  1  1  1  
-1  -1  1  -1  1  1  1  1  
1  -1  1  -1  1  1  1  1  
-1  1  1  -1  1  1  1  1  
1  1  1  -1  1  1  1  1  
-1  -1  -1  1  1  1  1  1  
1  -1  -1  1  1  1  1  1  
-1  1  -1  1  1  1  1  1  
1  1  -1  1  1  1  1  1  
-1  -1  1  1  1  1  1  1  
1  -1  1  1  1  1  1  1  
-1  1  1  1  1  1  1  1  
1  1  1  1  1  1  1  1  
min_distance
2

Norm
8.0
Hx
8.0
