row_number
60
col_number
225
rank
52
q_ary
16
*****1's_location/per_row****
0   14   19   3  38   5  59   9  61   2  85   7  103   13  114   10  122   4  142   11  155   6  177   15  191   14  201   12  213   8  
1   14   20   3  39   5  41   9  62   2  86   7  104   13  115   10  123   4  143   11  156   6  178   15  192   14  202   12  214   8  
2   14   21   3  40   5  42   9  63   2  87   7  90   13  116   10  124   4  144   11  157   6  179   15  193   14  203   12  215   8  
3   14   22   3  43   9  53   5  64   2  88   7  91   13  117   10  125   4  145   11  158   6  165   15  194   14  204   12  216   8  
4   14   23   3  44   9  54   5  65   2  89   7  92   13  118   10  126   4  146   11  159   6  166   15  180   14  205   12  217   8  
5   14   24   3  45   9  55   5  66   2  75   7  93   13  119   10  127   4  147   11  160   6  167   15  181   14  206   12  218   8  
6   14   25   3  46   9  52   5  67   2  76   7  94   13  105   10  128   4  148   11  161   6  168   15  182   14  207   12  219   8  
7   14   26   3  30   5  47   9  68   2  77   7  95   13  106   10  129   4  149   11  162   6  169   15  183   14  208   12  220   8  
8   14   27   3  31   5  48   9  69   2  78   7  96   13  107   10  130   4  135   11  163   6  170   15  184   14  209   12  221   8  
9   14   28   3  32   5  49   9  70   2  79   7  97   13  108   10  131   4  136   11  164   6  171   15  185   14  195   12  222   8  
10   14   29   3  33   5  50   9  71   2  80   7  98   13  109   10  132   4  137   11  150   6  172   15  186   14  196   12  223   8  
11   14   15   3  34   5  51   9  72   2  81   7  99   13  110   10  133   4  138   11  151   6  173   15  187   14  197   12  224   8  
12   14   16   3  35   5  56   9  73   2  82   7  100   13  111   10  134   4  139   11  152   6  174   15  188   14  198   12  210   8  
13   14   17   3  36   5  57   9  74   2  83   7  101   13  112   10  120   4  140   11  153   6  175   15  189   14  199   12  211   8  
14   14   18   3  37   5  58   9  60   2  84   7  102   13  113   10  121   4  141   11  154   6  176   15  190   14  200   12  212   8  
15   14   3   8  34   3  49   5  74   9  76   2  100   7  118   13  129   10  137   4  157   11  170   6  192   15  206   14  216   12  
16   14   4   8  35   3  50   5  60   9  77   2  101   7  119   13  130   10  138   4  158   11  171   6  193   15  207   14  217   12  
17   14   5   8  36   3  51   5  61   9  78   2  102   7  105   13  131   10  139   4  159   11  172   6  194   15  208   14  218   12  
18   14   6   8  37   3  56   5  62   9  79   2  103   7  106   13  132   10  140   4  160   11  173   6  180   15  209   14  219   12  
19   14   7   8  38   3  57   5  63   9  80   2  104   7  107   13  133   10  141   4  161   11  174   6  181   15  195   14  220   12  
20   14   8   8  39   3  58   5  64   9  81   2  90   7  108   13  134   10  142   4  162   11  175   6  182   15  196   14  221   12  
21   14   9   8  40   3  59   5  65   9  82   2  91   7  109   13  120   10  143   4  163   11  176   6  183   15  197   14  222   12  
22   14   10   8  41   5  53   3  66   9  83   2  92   7  110   13  121   10  144   4  164   11  177   6  184   15  198   14  223   12  
23   14   11   8  42   5  54   3  67   9  84   2  93   7  111   13  122   10  145   4  150   11  178   6  185   15  199   14  224   12  
24   14   12   8  43   5  55   3  68   9  85   2  94   7  112   13  123   10  146   4  151   11  179   6  186   15  200   14  210   12  
25   14   13   8  44   5  52   3  69   9  86   2  95   7  113   13  124   10  147   4  152   11  165   6  187   15  201   14  211   12  
26   14   14   8  30   3  45   5  70   9  87   2  96   7  114   13  125   10  148   4  153   11  166   6  188   15  202   14  212   12  
27   14   0   8  31   3  46   5  71   9  88   2  97   7  115   13  126   10  149   4  154   11  167   6  189   15  203   14  213   12  
28   14   1   8  32   3  47   5  72   9  89   2  98   7  116   13  127   10  135   4  155   11  168   6  190   15  204   14  214   12  
29   14   2   8  33   3  48   5  73   9  75   2  99   7  117   13  128   10  136   4  156   11  169   6  191   15  205   14  215   12  
30   14   6   12  18   8  45   3  68   5  89   9  91   2  115   7  133   13  144   10  152   4  172   11  185   6  207   15  221   14  
31   14   7   12  19   8  46   3  69   5  75   9  92   2  116   7  134   13  145   10  153   4  173   11  186   6  208   15  222   14  
32   14   8   12  20   8  47   3  70   5  76   9  93   2  117   7  120   13  146   10  154   4  174   11  187   6  209   15  223   14  
33   14   9   12  21   8  48   3  71   5  77   9  94   2  118   7  121   13  147   10  155   4  175   11  188   6  195   15  224   14  
34   14   10   12  22   8  49   3  72   5  78   9  95   2  119   7  122   13  148   10  156   4  176   11  189   6  196   15  210   14  
35   14   11   12  23   8  50   3  73   5  79   9  96   2  105   7  123   13  149   10  157   4  177   11  190   6  197   15  211   14  
36   14   12   12  24   8  51   3  74   5  80   9  97   2  106   7  124   13  135   10  158   4  178   11  191   6  198   15  212   14  
37   14   13   12  25   8  56   3  60   5  81   9  98   2  107   7  125   13  136   10  159   4  179   11  192   6  199   15  213   14  
38   14   14   12  26   8  57   3  61   5  82   9  99   2  108   7  126   13  137   10  160   4  165   11  193   6  200   15  214   14  
39   14   0   12  27   8  58   3  62   5  83   9  100   2  109   7  127   13  138   10  161   4  166   11  194   6  201   15  215   14  
40   14   1   12  28   8  59   3  63   5  84   9  101   2  110   7  128   13  139   10  162   4  167   11  180   6  202   15  216   14  
41   14   2   12  29   8  41   3  64   5  85   9  102   2  111   7  129   13  140   10  163   4  168   11  181   6  203   15  217   14  
42   14   3   12  15   8  42   3  65   5  86   9  103   2  112   7  130   13  141   10  164   4  169   11  182   6  204   15  218   14  
43   14   4   12  16   8  43   3  66   5  87   9  104   2  113   7  131   13  142   10  150   4  170   11  183   6  205   15  219   14  
44   14   5   12  17   8  44   3  67   5  88   9  90   2  114   7  132   13  143   10  151   4  171   11  184   6  206   15  220   14  
45   14   11   14  21   12  33   8  64   3  83   5  104   9  106   2  130   7  148   13  159   10  167   4  187   11  200   6  222   15  
46   14   12   14  22   12  34   8  65   3  84   5  90   9  107   2  131   7  149   13  160   10  168   4  188   11  201   6  223   15  
47   14   13   14  23   12  35   8  66   3  85   5  91   9  108   2  132   7  135   13  161   10  169   4  189   11  202   6  224   15  
48   14   14   14  24   12  36   8  67   3  86   5  92   9  109   2  133   7  136   13  162   10  170   4  190   11  203   6  210   15  
49   14   0   14  25   12  37   8  68   3  87   5  93   9  110   2  134   7  137   13  163   10  171   4  191   11  204   6  211   15  
50   14   1   14  26   12  38   8  69   3  88   5  94   9  111   2  120   7  138   13  164   10  172   4  192   11  205   6  212   15  
51   14   2   14  27   12  39   8  70   3  89   5  95   9  112   2  121   7  139   13  150   10  173   4  193   11  206   6  213   15  
52   14   3   14  28   12  40   8  71   3  75   5  96   9  113   2  122   7  140   13  151   10  174   4  194   11  207   6  214   15  
53   14   4   14  29   12  53   8  72   3  76   5  97   9  114   2  123   7  141   13  152   10  175   4  180   11  208   6  215   15  
54   14   5   14  15   12  54   8  73   3  77   5  98   9  115   2  124   7  142   13  153   10  176   4  181   11  209   6  216   15  
55   14   6   14  16   12  55   8  74   3  78   5  99   9  116   2  125   7  143   13  154   10  177   4  182   11  195   6  217   15  
56   14   7   14  17   12  52   8  60   3  79   5  100   9  117   2  126   7  144   13  155   10  178   4  183   11  196   6  218   15  
57   14   8   14  18   12  30   8  61   3  80   5  101   9  118   2  127   7  145   13  156   10  179   4  184   11  197   6  219   15  
58   14   9   14  19   12  31   8  62   3  81   5  102   9  119   2  128   7  146   13  157   10  165   4  185   11  198   6  220   15  
59   14   10   14  20   12  32   8  63   3  82   5  103   9  105   2  129   7  147   13  158   10  166   4  186   11  199   6  221   15  


*****1's_location/per_row****
0   86   0   1  54   15  55   13  57   15  59   9  61   2  62   4  63   8  65   6  66   12  67   11  68   5  73   13  74   9  75   1  76   2  78   8  79   3  80   6  82   11  86   14  87   15  89   9  91   2  93   8  94   3  95   6  99   10  100   7  104   9  105   1  106   2  107   4  108   8  110   6  111   12  113   5  114   10  118   13  122   4  124   3  125   6  126   12  128   5  133   13  134   9  135   1  137   4  139   3  140   6  141   12  142   11  143   5  145   7  146   14  147   15  148   13  153   8  154   3  155   6  159   10  160   7  161   14  163   13  165   1  166   2  168   8  169   3  171   12  181   2  186   12  187   11  188   5  189   10  198   8  202   11  204   10  205   7  207   15  208   13  209   9  210   1  213   8  220   7  222   15  224   9  
1   86   1   1  52   13  55   15  56   7  57   14  58   15  61   1  62   2  63   4  66   6  67   12  68   11  69   5  74   13  75   9  80   3  82   12  83   11  84   5  86   7  88   15  89   13  91   1  92   2  93   4  94   8  99   5  100   10  101   7  102   14  103   15  104   13  106   1  107   2  108   4  109   8  111   6  112   12  113   11  115   10  117   14  119   13  121   1  127   12  132   14  133   15  136   1  137   2  138   4  147   14  152   2  153   4  154   8  155   3  160   10  161   7  162   14  164   13  165   9  167   2  170   3  173   11  174   5  175   10  176   7  178   15  180   9  183   4  185   3  189   5  192   14  193   15  195   9  196   1  199   8  203   11  205   10  206   7  207   14  209   13  210   9  211   1  214   8  219   5  220   10  221   7  
2   90   2   1  52   15  53   10  54   7  57   7  58   14  59   15  60   13  61   9  62   1  63   2  65   8  66   3  69   11  72   7  73   14  76   9  77   1  78   2  83   12  86   10  88   14  89   15  91   9  95   8  96   3  98   12  99   11  100   5  101   10  103   14  104   15  108   2  113   12  115   5  116   10  117   7  118   14  119   15  122   1  123   2  124   4  127   6  128   12  133   14  134   15  136   9  137   1  142   6  145   5  146   10  147   7  149   15  150   13  153   2  154   4  155   8  156   3  158   12  159   11  161   10  163   14  165   13  167   1  170   8  171   3  172   6  173   12  174   11  175   5  177   7  181   9  184   4  187   6  193   14  194   15  195   13  196   9  201   3  202   6  203   12  207   7  209   15  211   9  215   8  220   5  221   10  222   7  223   14  224   15  
3   96   3   1  53   5  55   7  56   5  57   10  58   7  59   14  60   15  61   13  62   9  63   1  64   2  65   4  68   6  72   10  74   14  76   13  77   9  82   3  84   12  85   11  87   10  88   7  90   15  94   2  95   4  96   8  97   3  98   6  99   12  100   11  101   5  102   10  103   7  107   9  110   4  112   3  113   6  114   12  115   11  116   5  117   10  118   7  121   13  123   1  126   8  127   3  128   6  132   10  133   7  135   15  136   13  139   2  140   4  141   8  144   12  145   11  146   5  148   7  151   13  152   9  153   1  154   2  155   4  157   3  158   6  160   11  164   14  166   13  167   9  169   2  170   4  171   8  172   3  173   6  176   5  179   14  183   1  186   8  192   10  193   7  194   14  195   15  200   4  201   8  206   5  207   10  208   7  209   14  210   15  216   8  219   12  220   11  221   5  222   10  223   7  
4   84   4   1  52   7  54   5  56   11  58   10  59   7  62   13  63   9  65   2  66   4  69   6  73   10  76   15  78   9  79   1  81   4  82   8  83   3  84   6  85   12  87   5  88   10  90   14  93   9  97   8  98   3  100   12  101   11  108   9  111   4  115   12  116   11  118   10  119   7  120   14  121   15  122   13  123   9  124   1  125   2  126   4  127   8  128   3  132   5  136   15  143   3  144   6  145   12  147   5  148   10  150   14  154   1  155   2  158   3  159   6  161   11  166   15  167   13  168   9  169   1  170   2  171   4  175   12  176   11  177   5  178   10  182   13  183   9  184   1  185   2  188   3  190   12  192   5  194   7  195   14  201   4  202   8  209   7  211   15  217   8  219   6  221   11  222   5  224   7  
5   84   5   1  53   12  54   11  55   5  56   12  59   10  60   7  63   13  64   9  65   1  68   8  72   11  73   5  74   10  75   7  76   14  77   15  78   13  80   1  83   8  84   3  86   12  91   14  92   15  95   1  99   3  101   12  102   11  103   5  104   10  107   15  110   1  113   8  115   6  116   12  117   11  120   7  122   15  123   13  128   8  132   11  134   10  136   14  138   13  139   9  140   1  141   2  143   8  146   12  147   11  148   5  149   10  151   14  152   15  153   13  155   1  158   8  160   6  171   2  172   4  174   3  175   6  176   12  177   11  182   15  184   9  188   8  189   3  191   12  192   11  195   7  197   15  200   1  201   2  204   3  206   12  207   11  209   10  210   7  218   8  219   3  222   11  223   5  224   10  
6   56   6   1  52   5  54   12  55   11  56   6  65   9  66   1  69   8  73   11  74   5  78   15  82   2  85   3  86   6  89   5  91   7  92   14  95   9  99   8  100   3  108   15  111   1  113   4  116   6  118   11  124   13  125   9  126   1  132   12  134   5  135   10  139   13  143   4  146   6  147   12  154   13  159   8  161   6  165   10  166   7  169   13  174   8  177   12  180   10  182   14  187   2  188   4  189   8  195   10  198   15  201   1  202   2  205   3  210   10  211   7  224   5  
7   78   7   1  52   11  53   3  54   6  55   12  57   6  60   5  61   10  64   15  65   13  68   2  72   6  73   12  74   11  77   7  78   14  79   15  81   9  83   2  84   4  85   8  88   12  90   5  91   10  94   15  98   2  99   4  100   8  101   3  102   6  105   5  107   7  110   13  115   8  120   5  123   14  124   15  125   13  126   9  133   12  138   14  139   15  140   13  142   1  144   4  145   8  146   3  149   11  155   13  158   2  159   4  160   8  165   5  168   14  172   1  173   2  175   8  176   3  178   12  179   11  181   10  183   14  186   9  187   1  188   2  189   4  196   10  197   7  199   15  200   13  201   9  204   4  208   12  209   11  210   5  211   10  223   12  224   11  
8   86   8   1  52   12  53   8  55   6  58   6  60   11  62   10  64   14  67   9  68   1  69   2  70   4  72   3  74   12  75   11  77   10  79   14  80   15  81   13  82   9  87   3  88   6  89   12  90   11  93   7  94   14  95   15  96   13  98   1  100   4  101   8  103   6  105   11  106   5  107   10  108   7  109   14  110   15  111   13  112   9  114   2  115   4  116   8  117   3  119   12  121   5  123   7  125   15  126   13  134   12  135   11  136   5  138   7  140   15  141   13  142   9  143   1  148   6  149   12  156   13  158   1  160   4  161   8  162   3  167   10  168   7  169   14  170   15  172   9  174   2  177   3  182   10  184   14  186   13  188   1  189   2  195   11  198   7  203   1  204   2  205   4  206   8  208   6  210   11  211   5  223   6  
9   82   9   1  52   6  53   4  59   6  60   12  63   10  64   7  66   15  67   13  69   1  71   4  72   8  76   11  77   5  80   14  82   13  83   9  84   1  85   2  86   4  87   8  89   6  90   12  92   5  93   10  95   14  97   13  98   9  101   4  104   6  106   11  108   10  111   15  113   9  114   1  116   4  118   3  119   6  120   12  122   5  123   10  126   15  135   12  137   5  138   10  141   15  143   9  144   1  145   2  146   4  147   8  148   3  157   13  158   9  161   4  163   3  165   12  166   11  167   5  169   7  171   15  172   13  175   2  176   4  178   3  179   6  183   10  185   14  186   15  189   1  196   11  197   5  199   7  200   14  201   15  202   13  203   9  205   2  207   8  208   3  211   11  223   3  
10   78   10   1  53   2  56   2  57   4  60   6  61   12  64   10  66   14  76   12  77   11  79   10  81   14  82   15  83   13  84   9  86   2  87   4  89   3  90   6  91   12  92   11  93   5  95   7  96   14  99   9  102   4  103   8  104   3  110   7  113   13  114   9  117   4  120   6  123   5  125   7  126   14  129   9  132   4  133   8  134   3  137   11  140   7  141   14  142   15  143   13  146   2  148   8  149   3  152   11  153   5  156   14  164   3  165   6  166   12  169   10  172   15  173   13  174   9  175   1  176   2  177   4  178   8  180   6  182   11  183   5  184   10  185   7  187   15  188   13  190   1  192   4  193   8  196   12  198   5  207   4  208   8  219   9  220   1  
11   78   11   1  54   2  57   2  58   4  61   6  62   12  65   10  67   14  75   3  77   12  78   11  80   10  82   14  83   15  84   13  85   9  87   2  88   4  90   3  91   6  92   12  93   11  94   5  96   7  97   14  100   9  103   4  104   8  111   7  114   13  115   9  118   4  120   3  121   6  124   5  126   7  127   14  130   9  133   4  134   8  135   3  138   11  141   7  142   14  143   15  144   13  147   2  149   8  150   3  153   11  154   5  157   14  166   6  167   12  170   10  173   15  174   13  175   9  176   1  177   2  178   4  179   8  181   6  183   11  184   5  185   10  186   7  188   15  189   13  191   1  193   4  194   8  197   12  199   5  208   4  209   8  220   9  221   1  
12   78   12   1  55   2  58   2  59   4  62   6  63   12  66   10  68   14  76   3  78   12  79   11  81   10  83   14  84   15  85   13  86   9  88   2  89   4  90   8  91   3  92   6  93   12  94   11  95   5  97   7  98   14  101   9  104   4  112   7  115   13  116   9  119   4  120   8  121   3  122   6  125   5  127   7  128   14  131   9  134   4  135   8  136   3  139   11  142   7  143   14  144   15  145   13  148   2  151   3  154   11  155   5  158   14  165   8  167   6  168   12  171   10  174   15  175   13  176   9  177   1  178   2  179   4  180   8  182   6  184   11  185   5  186   10  187   7  189   15  190   13  192   1  194   4  195   8  198   12  200   5  209   4  221   9  222   1  
13   54   13   1  52   2  56   13  57   9  59   2  60   4  61   8  63   6  67   10  69   14  75   4  76   8  80   11  81   5  85   15  92   3  94   12  98   7  103   1  104   2  105   4  114   14  116   13  122   3  125   11  128   7  133   1  134   2  136   8  141   5  142   10  145   15  148   1  153   6  155   11  159   14  168   6  173   7  174   14  177   9  179   2  181   8  182   3  186   5  191   13  192   9  195   4  199   12  201   5  207   9  208   1  219   14  220   15  222   9  
14   86   14   1  53   15  54   13  56   15  58   9  60   2  61   4  62   8  64   6  65   12  66   11  67   5  72   13  73   9  75   2  77   8  78   3  79   6  81   11  85   14  86   15  88   9  89   1  90   2  92   8  93   3  94   6  98   10  99   7  103   9  105   2  106   4  107   8  109   6  110   12  112   5  113   10  117   13  119   1  121   4  123   3  124   6  125   12  127   5  132   13  133   9  136   4  138   3  139   6  140   12  141   11  142   5  144   7  145   14  146   15  147   13  149   1  152   8  153   3  154   6  158   10  159   7  160   14  162   13  165   2  167   8  168   3  170   12  179   1  180   2  185   12  186   11  187   5  188   10  197   8  201   11  203   10  204   7  206   15  207   13  208   9  212   8  219   7  221   15  223   9  224   1  
15   82   15   1  53   14  55   13  56   14  59   9  60   1  63   8  64   3  65   6  68   5  72   15  74   9  75   1  76   2  78   8  80   6  83   5  84   10  86   14  91   2  92   4  95   6  98   5  99   10  101   14  102   15  103   13  104   9  107   4  110   6  113   5  116   14  117   15  120   1  122   4  123   8  124   3  128   5  132   15  134   9  136   2  138   8  139   3  140   6  141   12  142   11  143   5  146   14  147   15  148   13  149   9  151   2  152   4  155   6  158   5  160   7  171   12  172   11  174   10  175   7  177   15  181   2  182   4  184   3  188   5  189   10  191   14  192   15  195   1  197   4  200   6  201   12  204   10  206   14  207   15  210   1  216   12  218   5  219   10  222   15  223   13  224   9  
16   46   16   1  52   13  54   14  56   7  65   3  66   6  69   5  73   15  82   12  85   10  86   7  89   13  91   1  92   2  95   3  100   10  108   4  111   6  113   11  118   15  124   8  126   6  132   14  134   13  135   9  139   8  146   7  147   14  159   5  161   7  165   9  166   1  169   8  174   5  180   9  187   12  188   11  189   5  198   4  201   6  202   12  205   10  210   9  211   1  217   12  224   13  
17   70   17   1  53   10  54   7  55   14  57   7  61   9  64   4  65   8  68   12  72   7  73   14  74   15  77   1  78   2  81   3  83   12  84   11  85   5  88   14  90   13  91   9  94   4  98   12  99   11  101   10  102   7  105   13  107   1  110   8  115   5  117   7  120   13  123   2  124   4  125   8  133   14  138   2  139   4  140   8  142   6  145   5  146   10  149   15  158   12  159   11  160   5  165   13  168   2  172   6  173   12  175   5  176   10  179   15  181   9  186   3  187   6  188   12  189   11  197   1  199   4  200   8  201   3  204   11  208   14  209   15  210   13  211   9  218   12  223   14  224   15  
18   70   18   1  52   14  54   10  55   7  58   7  60   15  62   9  65   4  66   8  69   12  73   7  74   14  78   1  79   2  82   3  84   12  85   11  86   5  89   14  91   13  92   9  95   4  99   12  100   11  102   10  103   7  106   13  108   1  111   8  116   5  118   7  121   13  124   2  125   4  126   8  134   14  135   15  139   2  140   4  141   8  143   6  146   5  147   10  159   12  160   11  161   5  165   15  166   13  169   2  173   6  174   12  176   5  177   10  182   9  187   3  188   6  189   12  190   11  195   15  198   1  200   4  201   8  202   3  205   11  209   14  210   15  211   13  212   9  219   12  224   14  
19   84   19   1  52   7  53   11  54   5  55   10  59   7  60   14  63   9  64   1  65   2  68   3  72   5  73   10  74   7  77   13  78   9  79   1  80   2  81   4  83   3  84   6  88   10  90   14  91   15  94   1  98   3  99   6  100   12  101   11  102   5  103   10  104   7  105   14  110   2  114   6  115   12  120   14  122   13  123   9  124   1  125   2  126   4  138   9  139   1  140   2  141   4  144   6  145   12  146   11  149   7  158   3  159   6  160   12  161   11  165   14  168   9  172   8  173   3  174   6  175   12  176   11  177   5  178   10  179   7  183   9  186   4  187   8  188   3  189   6  191   11  195   14  196   15  197   13  199   1  200   2  204   6  208   10  209   7  210   14  211   15  213   9  220   12  223   10  224   7  
20   90   20   1  52   10  53   12  55   5  56   12  57   11  61   14  64   9  67   4  68   8  69   3  70   6  72   11  74   10  75   7  76   14  80   1  81   2  84   3  88   5  90   7  91   14  94   9  98   8  99   3  100   6  101   12  102   11  105   7  106   14  107   15  109   9  110   1  111   2  112   4  113   8  116   12  119   10  120   7  123   13  129   3  132   11  133   5  134   10  135   7  136   14  137   15  138   13  142   4  143   8  144   3  146   12  152   15  153   13  156   2  158   8  160   6  161   12  165   7  166   14  167   15  168   13  170   1  173   8  176   12  177   11  180   7  182   15  183   13  184   9  185   1  186   2  187   4  189   3  190   6  193   5  195   7  198   13  202   4  203   8  204   3  205   6  206   12  207   11  210   7  211   14  214   9  219   3  220   6  221   12  
21   92   21   1  52   5  53   6  57   12  58   11  60   10  61   7  62   14  64   13  66   1  67   2  69   8  71   6  72   12  75   10  76   7  78   15  82   2  84   8  86   6  87   12  88   11  89   5  90   10  93   15  94   13  95   9  96   1  98   4  100   3  101   6  103   11  106   7  108   15  109   13  111   1  113   4  115   3  119   5  120   10  121   7  123   15  127   2  130   3  133   11  134   5  137   14  142   2  143   4  144   8  146   6  148   11  149   5  153   15  154   13  157   2  158   4  161   6  165   10  169   13  170   9  171   1  172   2  173   4  174   8  176   6  177   12  178   11  179   5  181   7  183   15  184   13  185   9  188   4  191   6  194   5  196   7  197   14  199   13  200   9  201   1  202   2  205   3  207   12  209   5  211   7  215   9  220   3  221   6  222   12  223   11  224   5  
22   70   22   1  53   3  58   12  59   11  62   7  63   14  64   15  66   9  76   10  78   14  79   15  81   9  83   2  84   4  86   3  89   11  90   5  92   7  93   14  95   13  97   1  98   2  101   3  104   11  115   8  116   3  117   6  119   11  120   5  121   10  122   7  123   14  127   1  128   2  131   3  134   11  135   5  136   10  139   15  142   1  143   2  144   4  146   3  148   12  154   15  155   13  167   7  168   14  171   9  174   4  175   8  176   3  177   6  178   12  180   5  182   7  184   15  185   13  187   1  189   4  190   8  192   6  195   5  198   14  204   4  209   11  210   5  216   9  221   3  222   6  
23   68   23   1  54   3  56   8  57   3  59   12  60   11  61   5  63   7  65   15  67   9  75   11  76   5  80   15  81   13  85   4  86   8  89   12  94   14  95   15  98   1  103   6  104   12  105   11  113   1  114   2  116   8  118   6  122   10  124   14  125   15  126   13  128   1  133   6  134   12  136   5  141   13  142   9  145   4  146   8  147   3  148   6  152   10  153   7  155   15  165   11  166   5  168   7  173   1  174   2  177   3  179   12  180   11  181   5  182   10  186   13  187   9  191   8  192   3  195   11  199   14  205   4  207   3  208   6  211   5  217   9  219   2  220   4  222   3  
24   46   24   1  55   3  56   4  58   3  60   12  62   5  66   15  68   9  75   12  79   7  84   1  89   6  91   11  93   10  102   8  103   3  106   11  113   9  115   2  119   6  121   11  127   13  132   8  133   3  140   14  141   15  144   1  147   8  152   5  154   7  167   5  172   13  173   9  176   4  180   12  181   11  185   14  190   2  200   14  206   4  207   8  209   6  212   5  218   9  219   1  221   4  
25   46   25   1  52   3  57   4  59   3  61   12  63   5  67   15  69   9  75   6  76   12  80   7  85   1  92   11  94   10  103   8  104   3  105   6  107   11  114   9  116   2  122   11  128   13  133   8  134   3  141   14  142   15  145   1  148   8  153   5  155   7  168   5  173   13  174   9  177   4  181   12  182   11  186   14  191   2  195   6  201   14  207   4  208   8  213   5  219   9  220   1  222   4  
26   90   26   1  53   1  54   2  56   1  57   2  58   4  60   3  62   12  64   5  65   10  66   7  67   14  72   2  73   4  75   3  77   12  78   11  79   5  81   7  82   14  85   9  86   1  88   4  89   8  90   3  92   12  93   11  94   5  98   15  103   4  105   3  106   6  107   12  108   11  109   5  110   10  112   14  113   15  117   2  119   8  121   6  123   11  124   5  125   10  126   7  127   14  132   2  133   4  136   6  137   12  138   11  139   5  140   10  141   7  142   14  144   13  145   9  146   1  147   2  149   8  152   12  153   11  154   5  158   15  159   13  162   2  167   12  168   11  170   10  179   8  180   3  185   10  186   7  187   14  188   15  193   4  197   12  200   10  201   7  203   15  204   13  206   1  207   2  208   4  212   12  214   5  219   13  221   1  223   4  224   8  
27   90   27   1  54   1  55   2  57   1  58   2  59   4  61   3  63   12  65   5  66   10  67   7  68   14  73   2  74   4  75   8  76   3  78   12  79   11  80   5  82   7  83   14  86   9  87   1  89   4  91   3  93   12  94   11  95   5  99   15  104   4  105   8  106   3  107   6  108   12  109   11  110   5  111   10  113   14  114   15  118   2  122   6  124   11  125   5  126   10  127   7  128   14  133   2  134   4  135   8  137   6  138   12  139   11  140   5  141   10  142   7  143   14  145   13  146   9  147   1  148   2  153   12  154   11  155   5  159   15  160   13  163   2  165   8  168   12  169   11  171   10  181   3  186   10  187   7  188   14  189   15  194   4  198   12  201   10  202   7  204   15  205   13  207   1  208   2  209   4  210   8  213   12  215   5  220   13  222   1  224   4  
28   86   28   1  52   2  55   1  56   13  57   9  58   1  59   2  61   8  62   3  66   5  67   10  68   7  69   14  74   2  75   4  80   11  82   10  83   7  86   13  88   1  89   2  91   8  92   3  93   6  94   12  99   14  100   15  102   9  103   1  104   2  106   8  107   3  108   6  109   12  110   11  111   5  112   10  113   7  115   15  117   9  119   2  121   8  127   10  128   7  132   9  133   1  136   8  137   3  138   6  139   12  147   9  152   3  153   6  154   12  155   11  160   15  161   13  164   2  165   4  170   11  173   7  174   14  175   15  176   13  178   1  183   6  185   11  189   14  192   9  193   1  195   4  196   8  199   12  202   10  203   7  205   15  206   13  207   9  209   2  210   4  211   8  214   12  216   5  219   14  220   15  221   13  
29   88   29   1  52   1  53   15  54   13  56   15  58   9  59   1  62   8  63   3  65   12  66   11  69   7  72   13  73   9  78   3  79   6  81   11  82   5  83   10  84   7  85   14  87   13  88   9  90   2  93   3  98   10  100   14  101   15  108   3  111   11  114   7  115   14  116   15  118   9  119   1  120   2  121   4  122   8  124   6  125   12  126   11  127   5  128   10  132   13  136   4  141   11  143   10  144   7  145   14  147   13  148   9  150   2  152   8  154   6  155   12  158   10  159   7  161   15  166   4  167   8  168   3  169   6  170   12  171   11  176   15  177   13  178   9  180   2  182   8  183   3  184   6  185   12  188   10  190   14  192   13  194   1  195   2  201   11  202   5  208   9  209   1  211   4  215   12  217   5  219   7  221   15  222   13  224   1  
30   78   30   1  53   14  54   15  61   2  64   3  65   6  66   12  67   11  68   5  70   7  72   15  73   13  75   1  77   4  78   8  81   12  84   10  85   7  86   14  87   15  88   13  90   1  91   2  92   4  93   8  94   3  96   12  98   5  99   10  102   15  105   1  107   4  109   3  110   6  112   11  114   10  115   7  117   15  119   9  123   8  124   3  127   11  136   2  138   8  139   3  142   11  145   7  146   14  147   15  148   13  149   9  158   5  159   10  162   15  165   1  166   2  167   4  168   8  170   6  172   11  173   5  176   14  179   9  186   12  187   11  190   7  197   4  200   6  201   12  202   11  203   5  204   10  206   14  208   13  209   9  212   4  223   13  224   9  
31   78   31   1  54   14  55   15  62   2  65   3  66   6  67   12  68   11  69   5  71   7  73   15  74   13  76   1  78   4  79   8  82   12  85   10  86   7  87   14  88   15  89   13  91   1  92   2  93   4  94   8  95   3  97   12  99   5  100   10  103   15  105   9  106   1  108   4  110   3  111   6  113   11  115   10  116   7  118   15  124   8  125   3  128   11  135   9  137   2  139   8  140   3  143   11  146   7  147   14  148   15  149   13  159   5  160   10  163   15  165   9  166   1  167   2  168   4  169   8  171   6  173   11  174   5  177   14  187   12  188   11  191   7  195   9  198   4  201   6  202   12  203   11  204   5  205   10  207   14  209   13  210   9  213   4  224   13  
32   78   32   1  52   15  55   14  60   13  63   2  66   3  67   6  68   12  69   11  70   5  72   7  74   15  75   13  77   1  79   4  80   8  83   12  86   10  87   7  88   14  89   15  92   1  93   2  94   4  95   8  96   3  98   12  100   5  101   10  104   15  106   9  107   1  109   4  111   3  112   6  114   11  116   10  117   7  119   15  125   8  126   3  129   11  135   13  136   9  138   2  140   8  141   3  144   11  147   7  148   14  149   15  160   5  161   10  164   15  166   9  167   1  168   2  169   4  170   8  172   6  174   11  175   5  178   14  188   12  189   11  192   7  195   13  196   9  199   4  202   6  203   12  204   11  205   5  206   10  208   14  210   13  211   9  214   4  
33   62   33   1  52   14  53   5  54   10  60   15  65   4  66   8  69   12  71   5  72   10  76   13  77   9  80   4  85   11  86   5  89   14  91   13  92   9  95   4  97   3  98   6  101   5  108   1  109   2  113   6  114   12  118   7  119   14  123   1  124   2  126   8  130   11  135   15  137   9  138   1  141   8  146   5  147   10  150   15  158   6  159   12  161   5  165   15  166   13  169   2  171   8  172   3  175   11  186   8  187   3  189   12  193   7  196   13  201   8  202   3  205   11  207   10  208   7  211   13  215   4  223   7  224   14  
34   36   34   1  53   11  55   10  64   1  65   2  68   3  84   6  85   12  88   10  90   14  91   15  94   1  107   13  112   8  117   5  123   9  125   2  131   11  145   12  146   11  149   7  151   15  158   3  160   12  165   14  168   9  179   7  186   4  188   3  194   7  200   2  201   4  204   6  210   14  216   4  223   10  
35   36   35   1  52   10  54   11  65   1  66   2  69   3  85   6  86   12  89   10  91   14  92   15  95   1  108   13  113   8  118   5  124   9  126   2  132   11  135   7  146   12  147   11  152   15  159   3  161   12  165   7  166   14  169   9  180   7  187   4  189   3  201   2  202   4  205   6  211   14  217   4  224   10  
36   62   36   1  53   6  54   12  55   11  61   7  64   13  65   9  68   4  72   12  73   11  77   14  78   15  81   1  84   8  85   3  88   11  90   10  91   7  94   13  98   4  99   8  102   12  105   10  107   14  110   9  112   2  115   3  117   12  123   15  124   13  125   9  133   11  138   15  139   13  142   2  145   3  146   6  149   5  153   15  158   4  159   8  160   3  165   10  168   15  172   2  173   4  176   6  179   5  181   7  186   1  187   2  188   4  197   14  200   9  201   1  204   8  208   11  209   5  210   10  218   4  223   11  224   5  
37   62   37   1  52   11  54   6  55   12  62   7  65   13  66   9  69   4  73   12  74   11  78   14  79   15  82   1  85   8  86   3  89   11  91   10  92   7  95   13  99   4  100   8  103   12  106   10  108   14  111   9  113   2  116   3  118   12  124   15  125   13  126   9  134   11  135   5  139   15  140   13  143   2  146   3  147   6  154   15  159   4  160   8  161   3  165   5  166   10  169   15  173   2  174   4  177   6  182   7  187   1  188   2  189   4  195   5  198   14  201   9  202   1  205   8  209   11  210   5  211   10  219   4  224   11  
38   82   38   1  52   12  53   8  54   3  55   6  60   11  61   5  63   7  64   14  65   15  68   1  72   3  73   6  74   12  77   10  78   7  79   14  80   15  81   13  83   1  84   2  85   4  88   6  90   11  91   5  94   14  98   1  99   2  100   4  101   8  102   3  104   12  105   11  110   15  115   4  120   11  123   7  124   14  125   15  126   13  138   7  139   14  140   15  141   13  142   9  144   2  145   4  146   8  149   12  155   15  158   1  159   2  160   4  161   8  165   11  168   7  172   9  173   1  174   2  175   4  176   8  178   6  179   12  183   7  186   13  187   9  188   1  189   2  195   11  196   5  197   10  199   14  200   15  201   13  204   2  208   6  209   12  210   11  211   5  220   4  223   6  224   12  
39   80   39   1  52   6  53   4  55   3  60   12  62   5  67   13  68   9  69   1  70   2  72   8  74   6  75   12  77   5  79   7  80   14  82   13  87   8  88   3  89   6  93   10  94   7  95   14  96   15  98   9  100   2  101   4  103   3  105   12  106   11  107   5  109   7  110   14  111   15  112   13  114   1  115   2  116   4  117   8  119   6  121   11  123   10  125   14  126   15  135   12  136   11  138   10  140   14  141   15  143   9  148   3  149   6  156   15  158   9  160   2  161   4  167   5  168   10  169   7  170   14  172   13  174   1  175   2  177   8  184   7  186   15  188   9  189   1  195   12  196   11  198   10  203   9  204   1  205   2  206   4  208   3  210   12  211   11  221   4  223   3  
40   78   40   1  52   3  53   2  60   6  63   5  64   10  65   7  66   14  67   15  69   9  71   2  72   4  76   12  77   11  80   7  83   13  84   9  85   1  86   2  87   4  89   3  90   6  91   12  92   11  93   5  95   7  97   15  98   13  101   2  104   3  106   12  108   5  109   10  111   14  113   13  114   9  116   2  118   8  119   3  122   11  123   5  126   14  135   6  137   11  138   5  141   14  144   9  145   1  146   2  147   4  148   8  157   15  158   13  161   2  165   6  166   12  167   11  169   10  171   14  172   15  175   1  178   8  179   3  185   7  186   14  189   9  196   12  199   10  200   7  201   14  202   15  203   13  205   1  207   4  208   8  211   12  222   4  223   8  
41   72   41   1  56   14  57   15  60   1  61   2  64   3  76   2  77   4  79   3  81   12  82   11  84   10  86   14  87   15  89   9  90   1  91   2  93   8  95   6  96   12  99   10  102   15  103   13  104   9  113   5  114   10  117   15  120   1  121   2  123   8  125   6  126   12  129   10  132   15  133   13  134   9  137   4  140   6  141   12  142   11  143   5  144   10  146   14  148   13  149   9  152   4  153   8  156   12  165   1  166   2  169   3  172   11  173   5  174   10  175   7  176   14  178   13  180   1  182   4  183   8  185   6  187   11  188   5  190   7  192   15  193   13  196   2  207   15  208   13  219   10  220   7  223   13  
42   72   42   1  57   14  58   15  61   1  62   2  65   3  75   9  77   2  78   4  80   3  82   12  83   11  85   10  87   14  88   15  90   9  91   1  92   2  94   8  96   6  97   12  100   10  103   15  104   13  114   5  115   10  118   15  120   9  121   1  122   2  124   8  126   6  127   12  130   10  133   15  134   13  135   9  138   4  141   6  142   12  143   11  144   5  145   10  147   14  149   13  153   4  154   8  157   12  166   1  167   2  170   3  173   11  174   5  175   10  176   7  177   14  179   13  181   1  183   4  184   8  186   6  188   11  189   5  191   7  193   15  194   13  197   2  208   15  209   13  220   10  221   7  224   13  
43   72   43   1  58   14  59   15  62   1  63   2  66   3  76   9  78   2  79   4  81   3  83   12  84   11  86   10  88   14  89   15  90   13  91   9  92   1  93   2  95   8  97   6  98   12  101   10  104   15  115   5  116   10  119   15  120   13  121   9  122   1  123   2  125   8  127   6  128   12  131   10  134   15  135   13  136   9  139   4  142   6  143   12  144   11  145   5  146   10  148   14  154   4  155   8  158   12  165   13  167   1  168   2  171   3  174   11  175   5  176   10  177   7  178   14  180   13  182   1  184   4  185   8  187   6  189   11  190   5  192   7  194   15  195   13  198   2  209   15  210   13  221   10  222   7  
44   60   44   1  56   5  57   10  59   14  60   15  61   13  63   1  67   3  75   15  76   13  80   4  81   8  85   11  86   5  92   9  94   2  95   4  98   6  103   7  104   14  105   15  113   6  114   12  116   5  122   9  124   2  125   4  128   6  133   7  134   14  136   13  141   8  142   3  145   11  147   10  148   7  152   9  153   1  155   4  159   12  165   15  168   1  173   6  174   12  177   10  179   14  181   13  182   9  186   8  187   3  191   5  192   10  195   15  199   2  207   10  208   7  211   13  219   12  220   11  222   10  
45   36   45   1  56   11  58   10  60   14  62   13  68   3  79   1  84   6  89   7  91   15  102   5  103   10  106   15  113   3  115   12  121   15  132   5  133   10  140   2  141   4  144   6  152   13  154   1  160   12  172   8  173   3  176   11  180   14  185   2  190   12  200   2  207   5  209   7  212   13  219   6  221   11  
46   36   46   1  57   11  59   10  61   14  63   13  69   3  75   7  80   1  85   6  92   15  103   5  104   10  107   15  114   3  116   12  122   15  133   5  134   10  141   2  142   4  145   6  153   13  155   1  161   12  173   8  174   3  177   11  181   14  186   2  191   12  195   7  201   2  208   5  213   13  220   6  222   11  
47   60   47   1  56   6  57   12  58   11  60   10  61   7  62   14  70   3  77   14  79   13  82   2  84   8  87   12  89   5  91   7  95   9  96   1  99   8  102   12  103   11  108   15  113   4  114   8  115   3  121   7  125   9  126   1  129   8  132   12  133   11  137   14  140   9  141   1  144   8  148   11  149   5  152   14  153   15  154   13  162   12  165   10  166   7  169   13  172   2  173   4  176   6  180   10  183   15  185   9  188   4  190   3  193   11  202   2  207   12  208   11  209   5  214   13  219   8  220   3  221   6  
48   60   48   1  57   6  58   12  59   11  61   10  62   7  63   14  71   3  75   5  78   14  80   13  83   2  85   8  88   12  92   7  96   9  97   1  100   8  103   12  104   11  109   15  114   4  115   8  116   3  122   7  126   9  127   1  130   8  133   12  134   11  135   5  138   14  141   9  142   1  145   8  149   11  153   14  154   15  155   13  163   12  166   10  167   7  170   13  173   2  174   4  177   6  181   10  184   15  186   9  189   4  191   3  194   11  195   5  203   2  208   12  209   11  215   13  220   8  221   3  222   6  
49   72   49   1  56   8  57   3  58   6  59   12  60   11  61   5  62   10  63   7  72   3  77   10  82   9  87   3  91   5  95   15  96   13  97   9  98   1  99   2  101   8  102   3  103   6  110   15  113   1  114   2  115   4  116   8  121   5  125   15  126   13  127   9  128   1  129   2  131   8  132   3  133   6  135   11  136   5  137   10  139   14  140   15  141   13  144   2  148   6  149   12  152   10  153   7  154   14  155   15  164   12  165   11  166   5  167   10  168   7  169   14  171   13  172   9  173   1  176   8  183   7  188   1  193   6  195   11  204   2  207   3  208   6  209   12  216   13  219   2  220   4  221   8  222   3  
50   80   50   1  56   4  58   3  59   6  60   12  62   5  63   10  73   3  76   11  77   5  78   10  79   7  81   15  82   13  83   9  84   1  86   4  87   8  88   3  89   6  90   12  91   11  92   5  93   10  95   14  97   13  98   9  100   2  111   15  113   9  115   2  116   4  120   12  121   11  122   5  123   10  125   14  127   13  128   9  130   2  135   12  136   11  138   10  143   9  144   1  145   2  146   4  148   3  150   12  152   5  154   7  155   14  165   12  167   5  168   10  170   14  175   2  176   4  177   8  178   3  180   12  182   5  183   10  184   7  185   14  187   13  188   9  189   1  190   2  192   8  193   3  194   6  195   12  205   2  207   8  209   6  217   13  219   1  221   4  222   8  
51   72   51   1  56   2  59   3  60   6  63   5  74   3  75   6  76   12  78   5  80   7  81   14  83   13  85   1  86   2  88   8  90   6  92   11  94   10  95   7  98   13  101   2  102   4  103   8  104   3  112   15  113   13  116   2  120   6  122   11  124   10  125   7  128   13  131   2  132   4  133   8  134   3  136   12  139   10  140   7  141   14  142   15  143   13  145   1  147   4  148   8  151   12  152   11  155   7  165   6  168   5  171   14  172   15  173   13  174   9  175   1  177   4  179   3  181   12  182   11  184   10  186   14  187   15  189   9  191   2  192   4  194   3  195   6  206   2  207   4  218   13  219   9  222   4  
