row_number
44
col_number
88
rank
44
ary
8
*****1's_location/per_row****
0   5  0   2     11   7     33   1     55   5     66   3   
1   5  1   7     12   1     34   5     56   1     67   4   
2   5  2   6     13   2     35   4     57   2     68   7   
3   5  3   4     14   7     36   4     58   2     69   6   
4   5  4   3     15   1     37   5     59   7     70   1   
5   5  5   6     16   5     38   5     60   4     71   6   
6   5  6   1     17   5     39   3     61   4     72   7   
7   5  7   6     18   3     40   6     62   1     73   2   
8   5  8   7     19   3     41   3     63   4     74   3   
9   5  9   1     20   4     42   1     64   7     75   5   
10   5  10   6     21   7     43   5     65   6     76   5   
11   4  0   4     41   5     51   3     61   7   
12   4  1   2     42   2     52   5     62   7   
13   4  2   1     43   2     53   5     63   7   
14   4  3   7     33   2     54   1     64   3   
15   4  4   1     34   3     44   2     65   3   
16   4  5   4     35   5     45   6     55   1   
17   4  6   5     36   5     46   2     56   2   
18   4  7   2     37   7     47   5     57   2   
19   4  8   3     38   2     48   6     58   1   
20   4  9   6     39   6     49   5     59   1   
21   4  10   3     40   6     50   5     60   1   
22   4  29   3     38   5     47   2     85   2   
23   4  30   6     39   3     48   5     86   7   
24   4  31   4     40   7     49   6     87   1   
25   4  32   2     41   6     50   5     77   1   
26   4  22   7     42   7     51   6     78   4   
27   4  23   5     43   5     52   7     79   6   
28   4  24   7     33   2     53   7     80   1   
29   4  25   5     34   1     54   3     81   6   
30   4  26   6     35   7     44   1     82   7   
31   4  27   4     36   4     45   1     83   4   
32   4  28   5     37   1     46   7     84   6   
33   5  19   5     27   7     54   7     70   2     78   7   
34   5  20   1     28   6     44   1     71   2     79   5   
35   5  21   5     29   7     45   3     72   5     80   2   
36   5  11   1     30   4     46   1     73   6     81   3   
37   5  12   1     31   5     47   2     74   2     82   6   
38   5  13   4     32   2     48   6     75   1     83   1   
39   5  14   7     22   3     49   5     76   2     84   1   
40   5  15   6     23   3     50   5     66   4     85   2   
41   5  16   6     24   4     51   2     67   2     86   2   
42   5  17   7     25   3     52   7     68   4     87   7   
43   5  18   7     26   5     53   4     69   7     77   3   
*****1's_location/per_col****
0   40  0   1     44   1     45   5     47   7     48   6     50   2     51   5     52   3     53   7     55   5     56   6     57   3     58   1     59   7     60   3     61   7     62   6     63   6     64   1     65   2     67   4     68   6     69   4     70   4     71   1     72   6     73   3     74   3     75   3     76   3     77   6     78   2     79   6     80   6     81   2     82   7     84   1     85   5     86   6     87   2   
1   38  1   1     45   2     47   6     49   3     50   7     51   1     52   6     53   5     55   2     56   1     57   7     58   4     60   7     61   6     62   4     63   2     64   4     65   1     66   1     68   7     69   5     70   2     71   4     72   5     73   5     74   4     75   3     76   7     77   3     78   3     80   5     81   3     82   3     83   4     84   4     85   7     86   5     87   6   
2   41  2   1     44   7     45   6     46   4     47   2     48   4     49   5     50   5     51   2     52   2     54   1     55   1     56   5     57   2     58   3     60   2     61   5     62   5     63   2     65   4     66   1     67   4     68   2     69   1     70   3     71   1     72   6     73   3     74   5     75   5     76   6     77   1     78   7     79   7     80   4     81   3     83   6     84   2     85   1     86   5     87   3   
3   42  3   1     44   1     45   2     46   7     47   7     48   6     49   4     50   2     51   5     52   6     53   3     54   1     55   2     57   4     58   5     59   2     60   1     62   4     63   1     64   5     65   4     66   6     67   3     68   7     69   2     70   1     71   4     72   7     73   7     74   6     75   2     76   4     77   1     78   4     79   3     80   4     81   7     82   6     83   3     84   4     85   1     86   1   
4   38  4   1     44   3     45   1     46   5     47   4     49   3     50   4     51   7     52   1     53   3     54   5     55   3     56   5     58   6     59   6     60   1     62   3     63   2     64   6     65   3     66   5     67   1     69   5     70   4     71   2     73   1     75   5     76   6     77   7     78   2     79   7     80   5     81   5     82   1     83   4     84   1     86   7     87   3   
5   39  5   1     44   4     45   6     46   2     47   4     48   2     49   7     50   2     51   4     52   7     53   5     54   5     55   3     57   4     58   6     59   5     60   7     61   4     63   6     64   2     65   6     66   5     67   1     68   7     69   6     70   7     71   7     72   4     73   2     74   1     75   3     76   5     78   2     79   1     80   5     82   5     83   1     84   3     85   4   
6   39  6   1     44   1     45   6     46   3     48   6     49   4     50   7     51   6     52   4     53   2     54   1     55   6     56   6     57   1     58   3     59   2     60   4     61   7     63   5     64   6     65   6     66   4     67   3     68   2     69   7     70   5     71   7     72   6     73   6     74   5     75   4     76   4     77   7     78   5     79   3     80   5     81   1     85   4     87   7   
7   44  7   1     44   4     45   3     46   6     47   2     48   7     49   2     50   6     51   3     52   7     53   2     54   2     55   5     56   5     57   7     58   2     59   4     60   4     61   4     62   2     64   7     65   1     66   1     67   5     68   6     69   2     70   1     71   7     72   1     73   7     74   4     75   5     76   6     77   6     78   6     79   3     80   6     81   4     82   2     83   2     84   4     85   7     86   1     87   3   
8   38  8   1     44   4     45   7     46   4     47   5     48   5     49   5     51   7     52   3     53   2     55   3     58   3     59   2     60   3     61   7     62   7     63   2     65   6     66   5     67   2     69   7     70   1     71   6     72   5     73   4     74   2     75   3     76   3     77   3     78   1     79   6     80   4     81   2     82   5     83   6     84   2     85   4     86   7   
9   44  9   1     44   3     45   7     46   6     47   2     48   2     49   5     50   6     51   4     52   3     53   3     54   6     55   6     56   5     57   6     58   2     59   7     61   1     62   4     63   2     64   1     65   2     66   2     67   4     68   6     69   3     70   1     71   5     72   6     73   7     74   3     75   2     76   6     77   2     78   2     79   7     80   4     81   4     82   5     83   2     84   5     85   5     86   6     87   3   
10   40  10   1     44   4     45   3     46   2     47   5     49   7     50   1     51   7     52   6     53   4     54   2     56   1     57   4     59   5     60   6     61   2     62   2     63   4     65   6     66   4     67   6     68   4     69   1     70   1     71   6     72   3     73   7     74   4     75   3     76   1     78   2     79   1     80   1     81   3     82   6     83   3     84   1     85   4     86   2     87   6   
11   43  11   1     44   6     45   5     46   6     47   4     48   2     49   2     50   7     51   3     52   6     53   6     54   7     55   7     56   1     57   7     58   4     59   3     61   2     62   3     63   4     64   2     65   4     66   4     67   3     68   7     69   6     70   2     71   1     72   7     73   3     74   6     75   4     76   7     77   4     78   4     79   5     80   3     82   1     83   4     84   1     85   1     86   4     87   6   
12   39  12   1     44   3     45   6     46   4     47   3     49   7     50   4     51   5     52   7     53   3     54   4     56   2     57   3     59   1     61   4     62   4     63   3     65   7     66   3     67   7     68   3     69   2     70   2     71   7     72   6     73   5     74   1     75   6     76   2     78   4     79   2     80   2     81   6     82   1     83   6     84   2     85   3     86   4     87   1   
13   40  13   1     44   7     45   6     47   3     50   3     51   3     52   2     53   3     55   6     56   4     57   2     58   7     59   3     60   2     61   1     62   4     63   4     64   7     65   5     67   1     68   4     69   1     70   1     71   7     72   4     73   2     74   2     75   5     76   2     77   3     78   5     79   4     80   4     81   5     82   3     83   7     84   7     85   6     86   4     87   5   
14   36  14   1     45   5     47   4     50   3     51   1     52   7     53   6     55   5     56   7     57   3     58   1     60   3     61   4     62   5     63   5     64   1     65   7     66   7     68   3     69   6     70   5     71   1     72   6     73   6     74   1     75   2     77   2     78   6     80   6     81   2     82   2     83   1     84   5     85   3     86   6     87   4   
15   41  15   1     44   3     45   4     46   1     47   5     48   1     49   6     50   2     51   5     52   2     53   6     54   7     55   7     56   6     57   5     58   2     60   5     61   6     62   6     63   6     65   1     67   1     68   5     69   7     70   2     71   7     72   4     73   2     74   6     75   6     76   4     77   7     78   3     79   5     80   1     81   2     83   4     84   5     85   1     86   6     87   2   
16   40  16   1     44   7     45   5     46   3     47   3     48   4     49   1     50   5     52   4     53   5     54   6     55   5     57   1     58   6     59   5     60   7     62   1     63   7     64   5     65   1     66   4     67   4     68   3     69   5     70   7     71   1     72   3     73   3     74   4     75   5     76   1     77   7     78   1     79   2     81   3     82   4     83   2     84   1     85   7     86   1   
17   37  17   1     44   3     45   3     46   4     47   7     49   5     50   7     51   2     52   2     53   5     55   5     56   4     58   1     59   1     60   3     62   5     63   6     64   1     66   4     67   3     68   6     69   4     70   7     71   6     73   3     75   4     76   1     77   2     78   6     79   2     80   4     81   7     82   3     83   7     84   3     86   2     87   4   
18   39  18   1     44   7     45   5     46   5     47   1     48   5     49   3     50   5     51   1     52   3     54   6     55   1     57   1     58   4     59   6     60   3     61   1     63   4     64   5     65   4     66   6     67   7     68   3     69   5     70   3     71   3     72   1     73   5     74   7     75   2     76   6     77   7     78   5     79   7     80   6     82   2     83   7     84   2     85   1   
19   39  19   1     44   5     45   5     46   6     48   3     49   2     50   6     51   3     52   2     53   1     55   3     56   1     57   5     58   4     59   1     60   2     61   6     63   7     64   3     65   3     66   2     67   4     68   1     69   6     70   3     71   6     72   3     73   3     74   7     75   2     76   2     77   6     78   2     79   4     80   7     81   5     83   5     85   2     87   6   
20   44  20   1     44   2     45   6     46   4     47   1     48   5     49   4     50   7     51   6     52   5     53   4     54   4     55   1     56   1     57   7     58   4     59   3     60   3     61   3     62   4     64   5     65   2     66   2     67   1     68   7     69   4     70   2     71   7     72   2     73   5     74   3     75   1     76   7     77   7     78   7     79   3     80   7     81   3     82   4     83   4     84   7     85   5     86   2     87   6   
21   38  21   1     44   5     45   2     46   5     47   5     48   4     49   3     51   4     52   1     53   7     55   1     58   3     59   7     60   1     61   4     62   4     63   7     65   2     66   3     67   7     69   4     70   6     71   2     72   2     73   5     74   7     75   1     76   1     77   1     78   6     79   2     80   1     81   7     82   3     83   2     84   7     85   3     86   4   
22   38  22   1     45   2     47   6     49   3     50   7     51   4     52   1     53   5     55   2     56   1     57   7     58   4     60   7     61   6     62   2     63   2     64   4     65   1     66   1     68   7     69   5     70   2     71   4     72   5     73   5     74   4     75   3     76   7     77   3     78   5     80   5     81   3     82   3     83   4     84   4     85   7     86   5     87   6   
23   42  23   1     44   6     45   3     46   2     47   1     48   2     49   7     50   7     51   1     52   4     53   7     54   5     55   5     56   7     57   1     58   4     60   1     61   7     62   7     63   7     65   2     66   5     67   2     68   1     69   5     70   4     71   5     72   3     73   4     74   7     75   7     76   3     77   5     78   6     79   1     80   2     81   4     83   3     84   1     85   5     86   7     87   4   
24   41  24   1     44   1     45   2     46   7     47   7     48   6     49   4     50   2     51   5     52   6     53   2     54   5     55   2     57   4     58   5     59   2     60   1     62   4     63   1     64   2     65   4     66   6     67   3     68   7     69   2     70   1     71   4     72   7     73   7     74   6     75   2     76   4     77   1     78   4     79   3     81   7     82   6     83   3     84   4     85   1     86   1   
25   36  25   1     44   7     45   7     46   6     47   1     49   2     50   1     51   3     52   7     53   2     55   2     56   6     58   4     59   4     60   7     62   2     63   5     64   4     66   6     67   7     69   6     70   1     71   5     73   7     75   6     76   4     77   3     78   5     79   3     80   6     81   1     82   7     83   1     84   7     86   3     87   2   
26   39  26   1     44   6     45   7     46   7     47   5     48   7     49   4     50   7     51   5     52   4     53   3     54   3     55   5     57   5     58   2     59   3     60   4     61   5     63   2     64   7     65   2     66   3     67   6     68   4     69   2     70   4     71   4     72   5     73   7     74   6     75   1     76   3     78   7     79   6     80   3     82   1     83   6     84   1     85   5   
27   40  27   1     44   1     45   1     46   7     48   6     49   4     50   7     51   6     52   4     53   2     54   1     55   6     56   2     57   1     58   3     59   2     60   4     61   7     63   5     64   6     65   6     66   4     67   3     68   2     69   7     70   5     71   7     72   6     73   6     74   5     75   4     76   4     77   7     78   5     79   3     80   5     81   1     83   1     85   4     87   7   
28   44  28   1     44   5     45   1     46   7     47   3     48   4     49   7     50   2     51   1     52   4     53   7     54   7     55   3     56   3     57   2     58   7     59   5     60   5     61   5     62   7     64   4     65   6     66   6     67   3     68   2     69   7     70   6     71   4     72   6     73   4     74   5     75   3     76   2     77   2     78   2     79   1     80   2     81   5     82   7     83   7     84   2     85   4     86   6     87   1   
29   38  29   1     44   1     45   3     46   1     47   1     48   3     49   6     51   3     52   2     53   5     55   2     58   6     59   5     60   2     61   3     62   3     63   5     65   4     66   6     67   5     69   3     70   7     71   4     72   6     73   1     74   5     75   2     76   2     77   2     78   7     79   4     80   1     81   5     82   6     83   4     84   5     85   6     86   3   
30   44  30   1     44   4     45   6     46   3     47   1     48   5     49   5     50   3     51   2     52   4     53   4     54   3     55   3     56   7     57   3     58   1     59   2     61   5     62   2     63   1     64   5     65   1     66   1     67   2     68   3     69   4     70   5     71   7     72   3     73   6     74   4     75   1     76   3     77   1     78   1     79   6     80   2     81   2     82   7     83   1     84   7     85   7     86   1     87   4   
31   39  31   1     44   6     45   7     46   3     47   2     49   5     50   3     51   1     52   5     53   6     54   3     56   4     57   6     59   2     61   3     62   3     63   6     65   5     66   6     67   5     68   6     69   4     70   4     71   5     72   7     73   1     74   6     75   7     76   4     78   3     79   4     80   4     81   7     82   5     83   7     84   4     85   6     86   3     87   2   
32   40  32   1     44   5     45   7     47   6     48   3     50   6     51   6     52   4     53   6     55   7     56   3     57   4     58   5     59   6     60   4     61   2     62   3     63   3     64   5     65   1     67   2     68   3     69   2     70   2     71   5     72   3     73   4     74   4     75   4     76   4     77   6     78   1     79   3     80   3     81   1     82   6     84   5     85   7     86   3     87   1   
33   42  33   1     44   6     45   7     46   4     47   4     48   2     49   5     50   7     51   3     52   2     53   1     54   3     55   7     57   5     58   3     59   7     60   6     62   5     63   6     64   7     65   5     66   2     67   1     68   4     69   7     70   6     71   5     72   4     73   4     74   2     75   7     76   5     77   6     78   5     79   1     80   5     81   4     82   2     83   1     84   5     85   6     86   6   
34   37  34   1     44   6     45   6     46   3     47   5     49   1     50   5     51   4     52   6     53   1     54   3     55   1     56   3     58   2     59   2     60   6     62   1     63   7     64   2     66   3     67   6     69   3     70   5     71   7     73   6     75   3     76   2     77   4     78   7     79   4     80   3     81   3     82   6     83   5     84   6     86   4     87   1   
35   39  35   1     44   7     45   6     46   6     47   7     48   6     49   2     50   6     51   7     52   2     53   4     54   4     55   7     57   7     58   1     59   4     60   2     61   7     63   1     64   6     65   1     66   4     67   3     68   2     69   1     70   2     71   2     72   7     73   6     74   3     75   5     76   4     78   6     79   3     80   4     82   4     83   3     84   5     85   7   
36   39  36   1     44   1     45   6     46   7     48   6     49   4     50   7     51   6     52   4     53   2     54   1     55   6     56   2     57   1     58   3     59   2     60   4     61   7     63   5     64   6     65   6     66   4     67   3     68   2     69   7     70   5     71   7     72   6     73   6     74   5     75   4     76   4     77   7     78   5     79   3     80   5     81   1     85   4     87   7   
37   44  37   1     44   7     45   5     46   1     47   4     48   2     49   6     50   1     51   5     52   2     53   6     54   6     55   4     56   4     57   1     58   6     59   7     60   7     61   7     62   6     64   2     65   3     66   3     67   4     68   1     69   6     70   3     71   2     72   3     73   2     74   7     75   4     76   1     77   1     78   1     79   5     80   1     81   7     82   6     83   6     84   7     85   2     86   3     87   5   
38   38  38   1     44   6     45   1     46   6     47   2     48   1     49   2     51   1     52   7     53   3     55   7     58   2     59   3     60   7     61   1     62   1     63   3     65   5     66   2     67   3     69   1     70   4     71   5     72   2     73   6     74   3     75   7     76   7     77   7     78   4     79   5     80   6     81   3     82   2     83   5     84   3     85   6     86   1   
39   44  39   1     44   3     45   7     46   6     47   2     48   2     49   1     50   6     51   4     52   3     53   3     54   6     55   6     56   5     57   6     58   2     59   4     61   1     62   4     63   2     64   1     65   2     66   2     67   4     68   6     69   3     70   1     71   5     72   6     73   7     74   3     75   2     76   6     77   2     78   2     79   7     80   4     81   4     82   5     83   2     84   5     85   5     86   6     87   3   
40   39  40   1     44   2     45   4     46   1     47   7     49   6     50   1     51   6     52   3     53   2     54   1     56   5     57   2     59   7     61   1     62   1     63   2     65   3     66   2     67   3     68   2     69   5     70   5     71   3     72   4     73   6     74   2     75   4     76   5     78   1     79   5     80   5     81   4     82   3     83   4     84   5     85   2     86   1     87   3   
41   40  41   1     44   3     45   4     47   2     48   1     50   6     51   2     52   5     53   2     55   4     56   1     57   5     58   3     59   2     60   5     61   7     62   1     63   1     64   3     65   6     67   7     68   1     69   7     70   7     71   3     72   1     73   5     74   5     75   5     76   5     77   1     78   6     79   1     80   1     81   6     82   2     84   3     85   4     86   1     87   6   
42   38  42   1     45   2     47   6     49   3     50   7     51   1     52   1     53   5     55   2     56   1     57   7     58   4     60   7     61   6     62   2     63   2     64   4     65   1     66   1     68   7     69   5     70   2     71   4     72   5     73   5     74   4     75   3     76   7     77   3     78   3     80   5     81   3     82   3     83   4     84   4     85   7     86   5     87   6   
43   42  43   1     44   6     45   3     46   2     47   1     48   2     49   7     50   7     51   1     52   1     53   7     54   5     55   5     56   7     57   1     58   4     60   1     61   7     62   7     63   7     65   2     66   5     67   2     68   1     69   5     70   4     71   5     72   3     73   4     74   7     75   7     76   3     77   5     78   6     79   6     80   2     81   4     83   3     84   1     85   5     86   7     87   4   
