row_number
51
col_number
289
rank
51
q_ary
8
*****1's_location/per_row****
0   17      0   2   17   5   34   1   51   1   68   3   85   2   102   1   119   7   136   6   153   7   170   3   187   2   204   4   221   5   238   1   255   1   272   3   
1   17      1   7   18   3   35   5   52   2   69   4   86   1   103   3   120   7   137   3   154   3   171   5   188   2   205   7   222   5   239   1   256   5   273   6   
2   17      2   6   19   3   36   4   53   5   70   7   87   5   104   4   121   6   138   1   155   2   172   5   189   1   206   1   223   5   240   2   257   2   274   4   
3   17      3   4   20   4   37   4   54   6   71   6   88   1   105   3   122   2   139   2   156   2   173   1   190   1   207   4   224   3   241   1   258   1   275   2   
4   17      4   3   21   7   38   5   55   2   72   1   89   7   106   5   123   3   140   4   157   3   174   2   191   1   208   6   225   1   242   1   259   3   276   7   
5   17      5   6   22   6   39   5   56   4   73   6   90   5   107   6   124   2   141   4   158   5   175   6   192   7   209   6   226   5   243   4   260   4   277   5   
6   17      6   1   23   7   40   3   57   5   74   7   91   4   108   6   125   4   142   6   159   5   176   2   193   7   210   5   227   2   244   7   261   5   278   7   
7   17      7   6   24   6   41   6   58   1   75   2   92   5   109   3   126   2   143   4   160   2   177   5   194   7   211   1   228   5   245   1   262   4   279   5   
8   17      8   7   25   6   42   3   59   2   76   3   93   1   110   6   127   1   144   4   161   2   178   6   195   1   212   1   229   6   246   4   263   4   280   6   
9   17      9   1   26   7   43   1   60   2   77   5   94   4   111   2   128   7   145   6   162   2   179   5   196   7   213   5   230   7   247   3   264   5   281   4   
10   17      10   6   27   2   44   5   61   7   78   5   95   1   112   7   129   1   146   7   163   3   180   5   197   1   214   4   231   4   248   3   265   3   282   5   
11   17      11   7   28   2   45   2   62   4   79   4   96   6   113   5   130   4   147   5   164   5   181   2   198   2   215   1   232   6   249   7   266   4   283   6   
12   17      12   7   29   6   46   2   63   4   80   4   97   7   114   5   131   5   148   7   165   5   182   7   199   5   216   1   233   6   250   2   267   4   284   5   
13   17      13   1   30   2   47   5   64   1   81   4   98   4   115   6   132   2   149   3   166   7   183   7   200   7   217   1   234   5   251   5   268   3   285   3   
14   17      14   2   31   3   48   2   65   4   82   6   99   5   116   3   133   3   150   4   167   2   184   7   201   4   218   1   235   4   252   4   269   2   286   7   
15   17      15   7   32   1   49   1   66   7   83   2   100   6   117   5   134   6   151   2   168   6   185   3   202   3   219   4   236   5   253   5   270   5   287   6   
16   17      16   1   33   5   50   5   67   6   84   3   101   4   118   2   135   3   152   4   169   6   186   3   203   6   220   2   237   3   254   2   271   2   288   7   
17   17      0   2   33   5   49   6   65   4   81   5   97   4   113   7   129   3   145   5   161   2   177   1   193   6   209   2   225   1   241   2   257   1   273   1   
18   17      1   1   17   1   50   3   66   2   82   7   98   1   114   6   130   7   146   5   162   2   178   2   194   4   210   1   226   2   242   1   258   2   274   7   
19   17      2   7   18   5   34   1   67   2   83   1   99   2   115   6   131   7   147   2   163   5   179   2   195   7   211   2   227   1   243   4   259   1   275   3   
20   17      3   4   19   7   35   6   51   5   84   4   100   1   116   7   132   5   148   7   164   6   180   7   196   7   212   5   228   2   244   7   260   7   276   5   
21   17      4   1   20   6   36   2   52   2   68   7   101   1   117   7   133   2   149   4   165   2   181   3   197   5   213   4   229   3   245   4   261   2   277   2   
22   17      5   5   21   3   37   2   53   1   69   4   85   7   118   1   134   5   150   5   166   1   182   1   198   7   214   5   230   4   246   3   262   1   278   4   
23   17      6   2   22   1   38   2   54   1   70   7   86   2   102   7   135   6   151   4   167   2   183   4   199   3   215   7   231   5   247   3   263   6   279   2   
24   17      7   5   23   3   39   7   55   6   71   4   87   1   103   6   119   7   152   3   168   4   184   5   200   6   216   1   232   5   248   1   264   5   280   6   
25   17      8   6   24   3   40   1   56   5   72   5   88   7   104   7   120   1   136   5   169   2   185   6   201   1   217   7   233   3   249   5   265   5   281   2   
26   17      9   5   25   6   41   1   57   3   73   5   89   2   105   4   121   4   137   3   153   4   186   7   202   5   218   3   234   4   250   6   266   3   282   5   
27   17      10   6   26   5   42   4   58   6   74   2   90   4   106   5   122   6   138   5   154   7   170   4   203   1   219   1   235   7   251   7   267   6   283   4   
28   17      11   7   27   6   43   6   59   7   75   5   91   3   107   2   123   6   139   4   155   1   171   4   187   6   220   3   236   1   252   1   268   7   284   2   
29   17      12   7   28   1   44   1   60   7   76   3   92   5   108   3   124   7   140   3   156   7   172   4   188   6   204   6   237   3   253   4   269   3   285   7   
30   17      13   3   29   5   45   6   61   6   77   6   93   1   109   3   125   1   141   1   157   5   173   5   189   1   205   2   221   5   254   1   270   4   286   3   
31   17      14   1   30   7   46   7   62   5   78   7   94   5   110   4   126   3   142   4   158   2   174   1   190   5   206   6   222   5   238   1   271   6   287   1   
32   17      15   1   31   2   47   4   63   2   79   4   95   1   111   3   127   1   143   1   159   3   175   1   191   3   207   6   223   3   239   3   255   2   288   2   
33   17      16   7   32   3   48   6   64   2   80   1   96   1   112   5   128   2   144   7   160   6   176   4   192   4   208   3   224   6   240   2   256   2   272   4   
34   17      0   4   32   6   47   2   62   3   77   2   92   4   107   7   122   1   137   4   169   5   184   5   199   7   214   1   229   1   244   6   259   7   274   1   
35   17      1   6   33   4   48   1   63   7   78   6   93   3   108   4   123   3   138   5   153   1   185   5   200   2   215   1   230   1   245   7   260   6   275   2   
36   17      2   1   17   4   49   1   64   3   79   7   94   6   109   5   124   2   139   2   154   3   186   6   201   1   216   5   231   3   246   5   261   5   276   4   
37   17      3   7   18   4   50   3   65   7   80   3   95   1   110   4   125   7   140   7   155   4   170   4   202   3   217   4   232   4   247   2   262   4   277   1   
38   17      4   2   19   1   34   4   66   4   81   6   96   2   111   6   126   6   141   1   156   3   171   1   203   4   218   6   233   3   248   1   263   4   278   2   
39   17      5   7   20   6   35   7   67   2   82   1   97   2   112   4   127   5   142   7   157   3   172   7   187   2   219   1   234   4   249   4   264   4   279   6   
40   17      6   5   21   3   36   1   51   2   83   2   98   6   113   7   128   3   143   7   158   4   173   6   188   2   220   5   235   4   250   6   265   3   280   1   
41   17      7   6   22   3   37   7   52   7   84   7   99   6   114   2   129   6   144   4   159   3   174   1   189   2   204   1   236   1   251   2   266   6   281   3   
42   17      8   6   23   6   38   2   53   1   68   4   100   7   115   6   130   3   145   7   160   6   175   1   190   5   205   7   237   5   252   4   267   6   282   1   
43   17      9   6   24   3   39   3   54   4   69   3   101   5   116   6   131   1   146   5   161   7   176   4   191   7   206   2   221   2   253   2   268   2   283   1   
44   17      10   2   25   4   40   7   55   1   70   4   85   5   117   7   132   7   147   3   162   3   177   6   192   6   207   7   222   5   254   2   269   5   284   2   
45   17      11   5   26   3   41   7   56   5   71   2   86   2   118   3   133   3   148   4   163   7   178   3   193   3   208   5   223   3   238   1   270   4   285   4   
46   17      12   7   27   4   42   5   57   6   72   2   87   5   102   6   134   6   149   7   164   1   179   4   194   5   209   7   224   6   239   3   271   2   286   3   
47   17      13   6   28   1   43   6   58   1   73   6   88   2   103   1   135   3   150   2   165   5   180   5   195   7   210   7   225   3   240   5   255   6   287   4   
48   17      14   7   29   4   44   2   59   3   74   3   89   3   104   6   119   5   151   6   166   2   181   3   196   3   211   1   226   3   241   5   256   2   288   2   
49   17      15   1   30   2   45   4   60   5   75   4   90   1   105   5   120   6   152   2   167   2   182   4   197   3   212   4   227   4   242   2   257   7   272   1   
50   17      16   3   31   2   46   1   61   2   76   4   91   6   106   6   121   1   136   1   168   1   183   6   198   5   213   7   228   1   243   2   258   6   273   3   
