Modulation_method
1
Dimension
5
Order
32
Coordinate
-1  -1  -1  -1  -1  
1  -1  -1  -1  -1  
-1  1  -1  -1  -1  
1  1  -1  -1  -1  
-1  -1  1  -1  -1  
1  -1  1  -1  -1  
-1  1  1  -1  -1  
1  1  1  -1  -1  
-1  -1  -1  1  -1  
1  -1  -1  1  -1  
-1  1  -1  1  -1  
1  1  -1  1  -1  
-1  -1  1  1  -1  
1  -1  1  1  -1  
-1  1  1  1  -1  
1  1  1  1  -1  
-1  -1  -1  -1  1  
1  -1  -1  -1  1  
-1  1  -1  -1  1  
1  1  -1  -1  1  
-1  -1  1  -1  1  
1  -1  1  -1  1  
-1  1  1  -1  1  
1  1  1  -1  1  
-1  -1  -1  1  1  
1  -1  -1  1  1  
-1  1  -1  1  1  
1  1  -1  1  1  
-1  -1  1  1  1  
1  -1  1  1  1  
-1  1  1  1  1  
1  1  1  1  1  

min_distance
2  
Norm
5
Hx
5.0
