row_number
33
col_number
66
rank
33
ary
16
*****1's_location/per_row****
0   6  0   3     19   13     27   8     35   5     54   14     62   6   
1   6  1   5     20   2     28   7     36   11     44   3     63   6   
2   6  2   11     21   12     29   12     37   10     45   15     64   13   
3   6  3   15     11   11     30   9     38   9     46   8     65   4   
4   6  4   5     12   3     31   6     39   7     47   13     55   2   
5   6  5   4     13   13     32   3     40   3     48   13     56   11   
6   6  6   4     14   7     22   7     41   4     49   5     57   3   
7   6  7   8     15   8     23   12     42   4     50   9     58   5   
8   6  8   15     16   10     24   4     43   15     51   7     59   14   
9   6  9   6     17   3     25   10     33   7     52   5     60   12   
10   6  10   6     18   4     26   8     34   2     53   14     61   1   
11   4  0   5     17   15     46   10     63   14   
12   4  1   2     18   5     47   9     64   3   
13   4  2   11     19   9     48   5     65   7   
14   4  3   13     20   12     49   4     55   1   
15   4  4   12     21   5     50   9     56   3   
16   4  5   8     11   3     51   1     57   14   
17   4  6   13     12   2     52   9     58   5   
18   4  7   8     13   12     53   8     59   15   
19   4  8   3     14   11     54   3     60   12   
20   4  9   4     15   4     44   9     61   6   
21   4  10   4     16   9     45   14     62   7   
22   4  26   11     39   10     52   4     65   6   
23   4  27   14     40   14     53   15     55   13   
24   4  28   2     41   13     54   4     56   2   
25   4  29   13     42   6     44   5     57   12   
26   4  30   13     43   11     45   2     58   11   
27   4  31   8     33   15     46   8     59   9   
28   4  32   3     34   5     47   5     60   8   
29   4  22   15     35   2     48   5     61   6   
30   4  23   10     36   3     49   8     62   10   
31   4  24   12     37   11     50   7     63   10   
32   4  25   15     38   1     51   5     64   2   
*****1's_location/per_col****
0   33  0   1     33   15     34   7     35   12     36   1     37   8     38   4     39   5     40   13     41   10     42   2     43   14     44   12     45   8     47   1     48   3     49   9     50   1     51   2     52   3     53   7     54   4     55   11     56   12     57   7     58   9     59   13     60   10     61   6     62   3     63   8     64   7     65   6   
1   33  1   1     33   11     34   8     35   7     36   11     37   11     38   10     39   15     40   10     41   4     42   4     43   15     44   5     45   13     46   10     47   2     48   3     49   2     50   14     52   10     53   13     54   4     55   10     56   10     57   13     58   13     59   10     60   13     61   5     62   3     63   15     64   13     65   12   
2   32  2   1     33   7     34   5     35   7     36   13     37   2     38   1     39   12     40   1     41   11     42   9     43   10     44   3     45   2     47   13     48   6     49   15     50   13     51   9     52   4     53   8     54   7     55   15     56   3     57   5     58   15     59   14     60   11     61   8     62   13     63   2     64   5   
3   32  3   1     33   11     34   8     35   7     36   2     37   11     38   10     39   15     40   10     41   13     42   4     43   15     44   11     45   13     46   10     47   2     48   3     49   1     50   14     52   10     53   13     54   12     55   14     56   14     57   13     58   13     59   10     60   13     61   5     62   3     64   13     65   12   
4   32  4   1     33   11     34   6     35   11     36   7     37   4     38   15     39   8     40   15     41   3     42   6     43   12     44   14     45   9     47   7     48   4     49   10     50   2     51   14     52   9     53   1     54   11     55   10     56   15     57   5     58   10     59   5     60   3     61   1     62   7     63   13     64   14   
5   33  5   1     33   13     34   10     35   2     36   11     37   13     38   4     39   8     40   1     41   3     42   5     43   12     44   13     45   13     46   14     47   11     48   7     49   12     50   4     51   15     52   1     53   3     54   15     55   4     56   4     57   6     58   7     59   1     60   3     61   9     62   7     64   3     65   1   
6   32  6   1     33   4     34   15     35   9     36   4     37   10     38   3     39   13     40   3     41   14     42   15     43   13     44   8     45   12     46   3     47   11     48   10     49   2     50   5     51   8     52   14     53   11     54   9     55   3     56   3     57   1     58   5     60   14     61   11     62   4     63   6     64   8   
7   33  7   1     33   6     34   15     35   5     36   9     37   6     38   10     39   7     40   1     41   14     42   1     43   13     44   6     45   6     46   8     47   4     48   12     49   13     50   10     51   3     52   11     53   15     54   3     55   10     56   5     57   15     58   4     59   1     60   11     61   12     62   4     64   14     65   11   
8   32  8   1     33   15     34   11     35   1     36   15     37   3     38   9     39   5     40   9     41   11     42   11     43   5     44   13     45   2     46   9     47   4     48   10     49   12     50   8     51   13     52   12     53   4     54   11     55   9     56   9     57   8     58   8     60   8     61   10     62   15     63   1     64   13   
9   33  9   1     33   13     34   6     35   2     36   7     37   13     38   4     39   8     40   5     41   3     42   14     43   12     44   2     45   13     46   14     47   7     48   9     49   10     50   7     51   15     52   1     53   6     54   15     55   4     56   2     57   6     58   10     59   5     60   1     61   1     62   9     64   3     65   1   
10   32  10   1     33   15     34   11     35   1     36   15     37   15     38   9     39   5     40   9     41   11     42   11     43   4     44   13     45   8     46   9     47   4     48   10     49   12     50   2     52   12     53   4     54   11     55   9     56   9     57   8     58   8     59   9     60   8     61   10     62   10     63   4     64   13   
11   32  11   1     33   15     34   5     35   1     36   12     37   15     38   2     39   4     40   9     41   8     42   11     43   6     44   15     45   15     46   7     47   12     48   10     49   6     50   2     52   9     53   8     54   14     55   2     56   2     57   8     58   10     59   9     60   8     61   13     62   10     64   8     65   9   
12   32  12   1     33   9     34   10     35   14     36   9     37   12     38   2     39   7     40   2     41   5     42   10     43   7     44   1     45   8     46   2     47   3     48   12     49   13     50   6     51   1     52   8     53   3     54   14     55   2     56   2     57   15     58   13     60   5     61   3     62   9     63   4     64   1   
13   33  13   1     33   4     34   10     35   6     36   14     37   4     38   12     39   11     40   15     41   5     42   15     43   7     44   4     45   4     46   1     47   9     48   8     49   7     50   12     51   2     52   3     53   5     54   2     55   12     56   6     57   10     58   9     59   3     60   3     61   8     62   9     64   5     65   3   
14   32  14   1     33   10     34   3     35   15     36   10     37   2     38   14     39   6     40   14     41   3     42   3     43   6     44   7     45   13     46   14     47   9     48   12     49   8     50   1     51   7     52   8     53   9     54   12     55   14     56   14     57   1     58   1     60   8     61   12     62   10     63   15     64   7   
15   33  15   1     33   13     34   6     35   2     36   7     37   13     38   4     39   8     40   5     41   3     42   14     43   12     44   13     45   13     46   14     47   7     48   9     49   10     50   7     51   15     52   1     53   6     54   15     55   4     56   2     57   6     58   10     59   5     60   1     61   9     62   9     64   3     65   1   
16   32  16   1     33   1     34   7     35   8     36   1     37   1     38   4     39   14     40   4     41   7     42   7     43   6     44   2     45   3     46   4     47   6     48   15     49   10     50   3     52   10     53   6     54   7     55   4     56   4     57   12     58   12     59   4     60   12     61   15     62   1     63   6     64   2   
17   33  17   1     33   5     34   12     35   4     36   14     37   9     38   13     39   3     40   10     41   6     42   15     43   11     44   4     45   9     46   15     47   14     48   1     49   7     50   14     51   15     52   1     53   12     54   13     55   8     56   4     57   12     58   7     59   10     60   6     61   2     62   1     64   12     65   2   
18   33  18   1     33   1     34   14     35   8     36   1     37   1     38   4     39   6     40   4     41   7     42   7     43   6     44   2     45   12     46   4     47   6     48   15     49   10     50   3     52   4     53   12     54   7     55   4     56   4     57   12     58   12     59   4     60   12     61   2     62   15     63   6     64   2     65   9   
19   33  19   1     33   8     34   2     35   8     36   12     37   10     38   5     39   9     40   5     41   1     42   11     43   4     44   15     45   10     47   12     48   7     49   6     50   12     51   11     52   7     53   14     54   8     55   6     56   15     57   2     58   6     59   3     60   1     61   14     62   12     63   10     64   2     65   14   
20   32  20   1     33   9     34   7     35   4     36   5     37   9     38   2     39   3     40   2     41   6     42   10     43   3     44   9     45   6     46   2     47   5     48   14     49   5     50   8     52   2     53   6     54   13     55   2     56   8     57   6     58   6     59   2     60   6     61   1     62   14     64   6     65   13   
21   32  21   1     33   14     34   10     35   14     36   9     37   12     38   2     39   11     40   2     41   5     42   10     43   7     44   1     45   8     47   9     48   12     49   13     50   9     51   1     52   8     53   3     54   14     55   13     56   6     57   15     58   13     59   15     60   5     61   3     62   9     63   4     64   1   
22   4  22   1     35   3     48   14     61   5   
23   4  23   1     36   7     49   10     62   1   
24   4  24   1     37   2     50   3     63   8   
25   4  25   1     38   8     51   14     64   3   
26   4  26   1     39   4     52   7     65   13   
27   4  27   1     40   1     53   2     55   4   
28   4  28   1     41   15     54   2     56   1   
29   4  29   1     42   11     44   7     57   5   
30   4  30   1     43   10     45   8     58   10   
31   4  31   1     33   10     46   1     59   14   
32   4  32   1     34   3     47   3     60   9   
