3                 7.8125
3.3                 5.71756
3.6                 4.70079
3.9                 3.64717
4.2                 2.88021
4.5                 2.42398
4.8                 2.14618
5.1                 1.98204
3                 15
3.3                 15
3.6                 15
3                 15
3                 15
5                 12.6207
5.2                 11.0465
5.4                 8.64815
5.6                 7.56886
5                 10.1628
5.8                 0
5                 3.34912
5                 3.32162
5                 6.93086
5.25                 2.95029
5.5                 1.76555
5.25                 2.95029
5.5                 1.76555
5.25                 2.70554
5.5                 1.70687
5.75                 1.25548
5.25                 200
8.25                 200
2.2                 20.9404
2.6                 6.85157
2.2                 9.35285
2.6                 5.05884
4                 5
4.4                 5
3                 3.45916
3                 48.5673
3                 49.5149
3                 49.5149
3                 34.9294
3.4                 27.2105
4                 36.5145
4.4                 30.1905
9.5                 50
9.5                 34.4533
9.5                 29.9091
9.5                 11.7551
9.5                 3.36866
9.5                 99.0198
1.5                 1
1.9                 1
1.5                 1
1.5                 1
1.5                 119.32
1.9                 118.29
1.5                 119.32
1.9                 118.29
1.5                 1.18
1.9                 1.18
1.5                 1.18
1.5                 1.22
1.9                 1.22
