***MappingChart***
number_of_signal
512
length_of_signal
9
Coordinate
-1  -1  -1  -1  -1  -1  -1  -1  -1
1  -1  -1  -1  -1  -1  -1  -1  -1
-1  1  -1  -1  -1  -1  -1  -1  -1
1  1  -1  -1  -1  -1  -1  -1  -1
-1  -1  1  -1  -1  -1  -1  -1  -1
1  -1  1  -1  -1  -1  -1  -1  -1
-1  1  1  -1  -1  -1  -1  -1  -1
1  1  1  -1  -1  -1  -1  -1  -1
-1  -1  -1  1  -1  -1  -1  -1  -1
1  -1  -1  1  -1  -1  -1  -1  -1
-1  1  -1  1  -1  -1  -1  -1  -1
1  1  -1  1  -1  -1  -1  -1  -1
-1  -1  1  1  -1  -1  -1  -1  -1
1  -1  1  1  -1  -1  -1  -1  -1
-1  1  1  1  -1  -1  -1  -1  -1
1  1  1  1  -1  -1  -1  -1  -1
-1  -1  -1  -1  1  -1  -1  -1 -1 
1  -1  -1  -1  1  -1  -1  -1  -1
-1  1  -1  -1  1  -1  -1  -1  -1
1  1  -1  -1  1  -1  -1  -1  -1
-1  -1  1  -1  1  -1  -1  -1  -1
1  -1  1  -1  1  -1  -1  -1  -1
-1  1  1  -1  1  -1  -1  -1  -1
1  1  1  -1  1  -1  -1  -1  -1
-1  -1  -1  1  1  -1  -1  -1  -1
1  -1  -1  1  1  -1  -1  -1  -1
-1  1  -1  1  1  -1  -1  -1  -1
1  1  -1  1  1  -1  -1  -1  -1
-1  -1  1  1  1  -1  -1  -1  -1
1  -1  1  1  1  -1  -1  -1  -1
-1  1  1  1  1  -1  -1  -1  -1
1  1  1  1  1  -1  -1  -1  -1
-1  -1  -1  -1  -1  1  -1  -1  
1  -1  -1  -1  -1  1  -1  -1 -1 
-1  1  -1  -1  -1  1  -1  -1  -1
1  1  -1  -1  -1  1  -1  -1  -1
-1  -1  1  -1  -1  1  -1  -1  -1
1  -1  1  -1  -1  1  -1  -1  -1
-1  1  1  -1  -1  1  -1  -1  -1
1  1  1  -1  -1  1  -1  -1  -1
-1  -1  -1  1  -1  1  -1  -1  -1
1  -1  -1  1  -1  1  -1  -1  -1
-1  1  -1  1  -1  1  -1  -1  -1
1  1  -1  1  -1  1  -1  -1  -1
-1  -1  1  1  -1  1  -1  -1  -1
1  -1  1  1  -1  1  -1  -1  -1
-1  1  1  1  -1  1  -1  -1  -1
1  1  1  1  -1  1  -1  -1  -1
-1  -1  -1  -1  1  1  -1  -1 -1 
1  -1  -1  -1  1  1  -1  -1  -1
-1  1  -1  -1  1  1  -1  -1  -1
1  1  -1  -1  1  1  -1  -1  -1
-1  -1  1  -1  1  1  -1  -1  -1
1  -1  1  -1  1  1  -1  -1  -1
-1  1  1  -1  1  1  -1  -1  -1
1  1  1  -1  1  1  -1  -1  -1
-1  -1  -1  1  1  1  -1  -1  -1
1  -1  -1  1  1  1  -1  -1  -1
-1  1  -1  1  1  1  -1  -1  -1
1  1  -1  1  1  1  -1  -1  -1
-1  -1  1  1  1  1  -1  -1  -1
1  -1  1  1  1  1  -1  -1  -1
-1  1  1  1  1  1  -1  -1  -1
1  1  1  1  1  1  -1  -1  -1
-1  -1  -1  -1  -1  -1  1  -1 -1 
1  -1  -1  -1  -1  -1  1  -1  -1
-1  1  -1  -1  -1  -1  1  -1  -1
1  1  -1  -1  -1  -1  1  -1  -1
-1  -1  1  -1  -1  -1  1  -1  -1
1  -1  1  -1  -1  -1  1  -1  -1
-1  1  1  -1  -1  -1  1  -1  -1
1  1  1  -1  -1  -1  1  -1  -1
-1  -1  -1  1  -1  -1  1  -1  -1
1  -1  -1  1  -1  -1  1  -1  -1
-1  1  -1  1  -1  -1  1  -1  -1
1  1  -1  1  -1  -1  1  -1  -1
-1  -1  1  1  -1  -1  1  -1  -1
1  -1  1  1  -1  -1  1  -1  -1
-1  1  1  1  -1  -1  1  -1  -1
1  1  1  1  -1  -1  1  -1  -1
-1  -1  -1  -1  1  -1  1  -1 -1 
1  -1  -1  -1  1  -1  1  -1  -1
-1  1  -1  -1  1  -1  1  -1  -1
1  1  -1  -1  1  -1  1  -1  -1
-1  -1  1  -1  1  -1  1  -1  -1
1  -1  1  -1  1  -1  1  -1  -1
-1  1  1  -1  1  -1  1  -1  -1
1  1  1  -1  1  -1  1  -1  -1
-1  -1  -1  1  1  -1  1  -1  -1
1  -1  -1  1  1  -1  1  -1  -1
-1  1  -1  1  1  -1  1  -1  -1
1  1  -1  1  1  -1  1  -1  -1
-1  -1  1  1  1  -1  1  -1  -1
1  -1  1  1  1  -1  1  -1  -1
-1  1  1  1  1  -1  1  -1  -1
1  1  1  1  1  -1  1  -1  -1
-1  -1  -1  -1  -1  1  1  -1 -1  
1  -1  -1  -1  -1  1  1  -1  -1
-1  1  -1  -1  -1  1  1  -1  -1
1  1  -1  -1  -1  1  1  -1  -1
-1  -1  1  -1  -1  1  1  -1  -1
1  -1  1  -1  -1  1  1  -1  -1
-1  1  1  -1  -1  1  1  -1  -1
1  1  1  -1  -1  1  1  -1  -1
-1  -1  -1  1  -1  1  1  -1  -1
1  -1  -1  1  -1  1  1  -1  -1
-1  1  -1  1  -1  1  1  -1  -1
1  1  -1  1  -1  1  1  -1  -1
-1  -1  1  1  -1  1  1  -1  -1
1  -1  1  1  -1  1  1  -1  -1
-1  1  1  1  -1  1  1  -1  -1
1  1  1  1  -1  1  1  -1  -1
-1  -1  -1  -1  1  1  1  -1 -1 
1  -1  -1  -1  1  1  1  -1  -1
-1  1  -1  -1  1  1  1  -1  -1
1  1  -1  -1  1  1  1  -1  -1
-1  -1  1  -1  1  1  1  -1  -1
1  -1  1  -1  1  1  1  -1  -1
-1  1  1  -1  1  1  1  -1  -1
1  1  1  -1  1  1  1  -1  -1
-1  -1  -1  1  1  1  1  -1  -1
1  -1  -1  1  1  1  1  -1  -1
-1  1  -1  1  1  1  1  -1  -1
1  1  -1  1  1  1  1  -1  -1
-1  -1  1  1  1  1  1  -1  -1
1  -1  1  1  1  1  1  -1  -1
-1  1  1  1  1  1  1  -1  -1
1  1  1  1  1  1  1  -1  -1
-1  -1  -1  -1  -1  -1  -1  1 -1  
1  -1  -1  -1  -1  -1  -1  1  -1
-1  1  -1  -1  -1  -1  -1  1  -1
1  1  -1  -1  -1  -1  -1  1  -1
-1  -1  1  -1  -1  -1  -1  1  -1
1  -1  1  -1  -1  -1  -1  1  -1
-1  1  1  -1  -1  -1  -1  1  -1
1  1  1  -1  -1  -1  -1  1  -1
-1  -1  -1  1  -1  -1  -1  1  -1
1  -1  -1  1  -1  -1  -1  1  -1
-1  1  -1  1  -1  -1  -1  1  -1
1  1  -1  1  -1  -1  -1  1  -1
-1  -1  1  1  -1  -1  -1  1  -1
1  -1  1  1  -1  -1  -1  1  -1
-1  1  1  1  -1  -1  -1  1  -1
1  1  1  1  -1  -1  -1  1  -1
-1  -1  -1  -1  1  -1  -1  1 -1 
1  -1  -1  -1  1  -1  -1  1  -1
-1  1  -1  -1  1  -1  -1  1  -1
1  1  -1  -1  1  -1  -1  1  -1
-1  -1  1  -1  1  -1  -1  1  -1
1  -1  1  -1  1  -1  -1  1  -1
-1  1  1  -1  1  -1  -1  1  -1
1  1  1  -1  1  -1  -1  1  -1
-1  -1  -1  1  1  -1  -1  1  -1
1  -1  -1  1  1  -1  -1  1  -1
-1  1  -1  1  1  -1  -1  1  -1
1  1  -1  1  1  -1  -1  1  -1
-1  -1  1  1  1  -1  -1  1  -1
1  -1  1  1  1  -1  -1  1  -1
-1  1  1  1  1  -1  -1  1  -1
1  1  1  1  1  -1  -1  1  -1
-1  -1  -1  -1  -1  1  -1  1 -1  
1  -1  -1  -1  -1  1  -1  1  -1
-1  1  -1  -1  -1  1  -1  1  -1
1  1  -1  -1  -1  1  -1  1  -1
-1  -1  1  -1  -1  1  -1  1  -1
1  -1  1  -1  -1  1  -1  1  -1
-1  1  1  -1  -1  1  -1  1  -1
1  1  1  -1  -1  1  -1  1  -1
-1  -1  -1  1  -1  1  -1  1  -1
1  -1  -1  1  -1  1  -1  1  -1
-1  1  -1  1  -1  1  -1  1  -1
1  1  -1  1  -1  1  -1  1  -1
-1  -1  1  1  -1  1  -1  1  -1
1  -1  1  1  -1  1  -1  1  -1
-1  1  1  1  -1  1  -1  1  -1
1  1  1  1  -1  1  -1  1  -1
-1  -1  -1  -1  1  1  -1  1 -1 
1  -1  -1  -1  1  1  -1  1  -1
-1  1  -1  -1  1  1  -1  1  -1
1  1  -1  -1  1  1  -1  1  -1
-1  -1  1  -1  1  1  -1  1  -1
1  -1  1  -1  1  1  -1  1  -1
-1  1  1  -1  1  1  -1  1  -1
1  1  1  -1  1  1  -1  1  -1
-1  -1  -1  1  1  1  -1  1  -1
1  -1  -1  1  1  1  -1  1  -1
-1  1  -1  1  1  1  -1  1  -1
1  1  -1  1  1  1  -1  1  -1
-1  -1  1  1  1  1  -1  1  -1
1  -1  1  1  1  1  -1  1  -1
-1  1  1  1  1  1  -1  1  -1
1  1  1  1  1  1  -1  1  -1
-1  -1  -1  -1  -1  -1  1  1 -1  
1  -1  -1  -1  -1  -1  1  1  -1
-1  1  -1  -1  -1  -1  1  1  -1
1  1  -1  -1  -1  -1  1  1  -1
-1  -1  1  -1  -1  -1  1  1  -1
1  -1  1  -1  -1  -1  1  1  -1
-1  1  1  -1  -1  -1  1  1  -1
1  1  1  -1  -1  -1  1  1  -1
-1  -1  -1  1  -1  -1  1  1  -1
1  -1  -1  1  -1  -1  1  1  -1
-1  1  -1  1  -1  -1  1  1  -1
1  1  -1  1  -1  -1  1  1  -1
-1  -1  1  1  -1  -1  1  1  -1
1  -1  1  1  -1  -1  1  1  -1
-1  1  1  1  -1  -1  1  1  -1
1  1  1  1  -1  -1  1  1  -1
-1  -1  -1  -1  1  -1  1  1 -1 
1  -1  -1  -1  1  -1  1  1  -1
-1  1  -1  -1  1  -1  1  1  -1
1  1  -1  -1  1  -1  1  1  -1
-1  -1  1  -1  1  -1  1  1  -1
1  -1  1  -1  1  -1  1  1  -1
-1  1  1  -1  1  -1  1  1  -1
1  1  1  -1  1  -1  1  1  -1
-1  -1  -1  1  1  -1  1  1  -1
1  -1  -1  1  1  -1  1  1  -1
-1  1  -1  1  1  -1  1  1  -1
1  1  -1  1  1  -1  1  1  -1
-1  -1  1  1  1  -1  1  1  -1
1  -1  1  1  1  -1  1  1  -1
-1  1  1  1  1  -1  1  1  -1
1  1  1  1  1  -1  1  1  -1
-1  -1  -1  -1  -1  1  1  1 -1  
1  -1  -1  -1  -1  1  1  1  -1
-1  1  -1  -1  -1  1  1  1  -1
1  1  -1  -1  -1  1  1  1  -1
-1  -1  1  -1  -1  1  1  1  -1
1  -1  1  -1  -1  1  1  1  -1
-1  1  1  -1  -1  1  1  1  -1
1  1  1  -1  -1  1  1  1  -1
-1  -1  -1  1  -1  1  1  1  -1
1  -1  -1  1  -1  1  1  1  -1
-1  1  -1  1  -1  1  1  1  -1
1  1  -1  1  -1  1  1  1  -1
-1  -1  1  1  -1  1  1  1  -1
1  -1  1  1  -1  1  1  1  -1
-1  1  1  1  -1  1  1  1  -1
1  1  1  1  -1  1  1  1  -1
-1  -1  -1  -1  1  1  1  1 -1 
1  -1  -1  -1  1  1  1  1  -1
-1  1  -1  -1  1  1  1  1  -1
1  1  -1  -1  1  1  1  1  -1
-1  -1  1  -1  1  1  1  1  -1
1  -1  1  -1  1  1  1  1  -1
-1  1  1  -1  1  1  1  1  -1
1  1  1  -1  1  1  1  1  -1
-1  -1  -1  1  1  1  1  1  -1
1  -1  -1  1  1  1  1  1  -1
-1  1  -1  1  1  1  1  1  -1
1  1  -1  1  1  1  1  1  -1
-1  -1  1  1  1  1  1  1  -1
1  -1  1  1  1  1  1  1  -1
-1  1  1  1  1  1  1  1  -1
1  1  1  1  1  1  1  1  -1

