row_number
51
col_number
255
rank
51
ary
16
*****1's_location/per_row****
0   15  0   3     17   7     33   5     50   5     68   10     85   10     102   7     119   5     136   15     153   3     170   10     187   5     204   11     221   8     238   1   
1   15  1   5     18   7     34   11     52   9     69   11     86   12     103   12     120   12     137   5     154   9     171   9     188   15     205   4     222   13     239   4   
2   15  2   11     19   10     35   10     53   7     70   6     87   14     104   6     121   8     138   9     155   4     172   5     189   12     206   4     223   13     240   12   
3   15  3   15     20   3     36   9     54   5     71   7     88   3     105   15     122   6     139   12     156   11     173   4     190   6     207   14     224   14     241   8   
4   15  4   5     21   4     37   7     55   14     72   7     89   14     106   8     123   11     140   4     157   7     174   9     191   7     208   13     225   8     242   12   
5   15  5   4     22   8     38   3     56   2     73   4     90   9     107   1     124   7     141   3     158   3     175   1     192   6     209   5     226   9     243   6   
6   15  6   4     23   8     39   4     57   6     74   9     91   13     108   10     125   5     142   2     159   6     176   9     193   15     210   9     227   15     244   9   
7   15  7   8     24   7     40   4     58   6     75   10     92   10     109   3     126   2     143   12     160   2     177   8     194   5     211   9     228   11     245   5   
8   15  8   15     25   12     41   15     59   13     76   9     93   12     110   4     127   11     144   11     161   12     178   3     195   12     212   1     229   3     246   13   
9   15  9   6     26   9     42   7     60   4     77   10     94   4     111   13     128   13     145   4     162   15     179   9     196   14     213   4     230   9     247   10   
10   15  10   6     27   6     43   2     61   2     78   5     95   6     112   13     129   12     146   9     163   11     180   14     197   4     214   4     231   12     248   7   
11   15  11   2     28   3     44   9     62   11     79   7     96   5     113   2     130   8     147   1     164   7     181   4     198   15     215   1     232   1     249   12   
12   15  12   13     29   7     45   14     63   3     80   6     97   4     114   1     131   13     148   12     165   7     182   14     199   14     216   12     233   14     250   4   
13   15  13   2     30   12     46   3     64   5     81   2     98   10     115   12     132   8     149   13     166   4     183   3     200   10     217   9     234   2     251   3   
14   15  14   12     31   4     47   15     65   14     82   12     99   1     116   7     133   3     150   6     167   10     184   7     201   15     218   12     235   7     252   7   
15   15  15   11     32   10     48   8     66   12     83   12     100   13     117   6     134   4     151   11     168   4     185   1     202   5     219   15     236   3     253   2   
16   15  16   3     49   13     51   8     67   1     84   14     101   12     118   3     135   4     152   15     169   5     186   3     203   3     220   9     237   10     254   15   
17   13  0   5     51   6     81   9     97   8     113   5     129   6     145   11     161   7     177   8     193   2     209   14     225   4     241   8   
18   13  1   2     17   13     82   8     98   4     114   14     130   4     146   12     162   11     178   5     194   2     210   11     226   4     242   13   
19   13  2   3     18   2     83   6     99   3     115   3     131   15     147   5     163   3     179   9     195   7     211   3     227   10     243   7   
20   13  3   11     19   12     84   4     100   14     116   12     132   6     148   9     164   11     180   14     196   7     212   3     228   11     244   5   
21   13  4   1     20   11     68   12     101   6     117   7     133   11     149   8     165   6     181   6     197   3     213   1     229   1     245   7   
22   13  5   14     21   9     69   3     85   9     118   14     134   11     150   2     166   7     182   3     198   4     214   4     230   2     246   12   
23   13  6   4     22   8     70   11     86   14     102   13     135   9     151   12     167   3     183   8     199   11     215   5     231   10     247   3   
24   13  7   15     23   6     71   3     87   3     103   1     119   2     152   14     168   14     184   4     200   1     216   9     232   11     248   8   
25   13  8   4     24   10     72   5     88   6     104   9     120   6     136   4     169   4     185   12     201   15     217   11     233   2     249   3   
26   13  9   5     25   10     73   15     89   13     105   1     121   12     137   2     153   10     186   3     202   9     218   8     234   13     250   13   
27   13  10   2     26   2     74   10     90   6     106   12     122   3     138   15     154   10     170   2     203   14     219   15     235   11     251   7   
28   13  11   8     27   12     75   10     91   9     107   3     123   11     139   14     155   8     171   11     187   6     220   13     236   14     252   6   
29   13  12   5     28   2     76   15     92   8     108   8     124   11     140   10     156   2     172   6     188   2     204   9     237   11     253   12   
30   13  13   5     29   12     77   13     93   3     109   3     125   6     141   15     157   1     173   5     189   3     205   9     221   7     254   4   
31   13  14   8     30   9     78   15     94   5     110   12     126   15     142   8     158   8     174   11     190   15     206   8     222   12     238   10   
32   13  15   7     31   9     79   14     95   3     111   15     127   11     143   11     159   13     175   8     191   1     207   2     223   7     239   5   
33   13  16   5     32   11     80   6     96   1     112   11     128   10     144   13     160   15     176   2     192   14     208   6     224   13     240   6   
34   13  46   8     62   9     77   7     92   5     107   13     122   15     137   1     169   4     184   1     199   15     214   4     229   12     244   1   
35   13  47   3     63   6     78   15     93   11     108   15     123   9     138   2     153   13     185   15     200   8     215   3     230   5     245   8   
36   13  48   6     64   15     79   11     94   7     109   4     124   6     139   4     154   4     186   4     201   2     216   12     231   10     246   5   
37   13  49   15     65   3     80   4     95   4     110   2     125   6     140   13     155   4     170   11     202   10     217   4     232   7     247   4   
38   13  33   12     66   1     81   15     96   11     111   15     126   3     141   8     156   8     171   1     203   1     218   8     233   8     248   4   
39   13  34   1     67   5     82   7     97   3     112   4     127   12     142   3     157   15     172   14     187   9     219   12     234   12     249   12   
40   13  35   14     50   2     83   3     98   13     113   8     128   4     143   8     158   4     173   8     188   12     220   12     235   14     250   13   
41   13  36   6     52   4     84   11     99   10     114   1     129   15     144   11     159   10     174   7     189   2     204   14     236   8     251   14   
42   13  37   11     53   5     68   14     100   9     115   6     130   8     145   4     160   2     175   9     190   11     205   10     237   6     252   3   
43   13  38   13     54   1     69   9     101   12     116   11     131   15     146   7     161   14     176   6     191   1     206   5     221   1     253   4   
44   13  39   10     55   14     70   8     85   14     117   10     132   6     147   4     162   3     177   7     192   12     207   1     222   7     254   10   
45   13  40   11     56   13     71   10     86   7     118   4     133   15     148   9     163   9     178   6     193   5     208   2     223   6     238   14   
46   13  41   11     57   13     72   7     87   9     102   8     134   15     149   3     164   6     179   4     194   2     209   8     224   7     239   15   
47   13  42   4     58   15     73   8     88   11     103   9     135   1     150   6     165   12     180   14     195   15     210   11     225   1     240   9   
48   13  43   10     59   7     74   10     89   2     104   13     119   1     151   15     166   4     181   10     196   6     211   4     226   2     241   7   
49   13  44   7     60   2     75   1     90   10     105   10     120   11     152   6     167   15     182   5     197   10     212   6     227   13     242   14   
50   13  45   11     61   8     76   14     91   1     106   14     121   9     136   1     168   9     183   14     198   3     213   2     228   2     243   10   
*****1's_location/per_col****
0   13  0   1     51   15     81   12     97   7     113   1     129   15     145   9     161   4     177   7     193   5     209   8     225   10     241   7   
1   194  1   1     51   8     52   4     53   9     54   9     55   13     56   5     57   12     58   9     59   12     60   7     61   11     62   15     63   12     64   7     65   3     66   6     67   2     68   6     69   15     70   8     72   6     73   15     74   13     75   7     76   10     77   5     78   5     79   13     80   3     82   14     83   13     84   12     85   9     86   5     87   2     88   11     89   4     90   9     91   7     92   15     93   10     94   5     95   1     96   8     97   15     98   4     99   4     101   9     102   15     103   8     104   11     105   15     106   12     107   12     108   4     109   11     110   10     111   1     112   8     114   11     115   1     116   11     117   7     118   7     119   3     120   7     121   14     122   5     123   9     124   1     125   1     126   12     127   3     128   8     129   1     130   11     131   8     132   3     133   10     134   15     135   5     136   5     137   1     138   15     139   4     140   12     141   9     142   3     143   14     144   11     145   5     146   8     147   4     148   15     149   5     150   14     151   3     152   2     153   6     154   5     155   1     156   7     157   5     158   1     159   8     161   13     162   10     163   1     164   5     165   2     166   5     167   11     168   8     169   2     170   5     171   4     172   15     173   1     174   1     175   11     176   10     177   5     179   3     180   4     182   15     183   11     184   14     185   11     186   4     187   4     188   6     189   11     190   6     191   14     192   11     193   14     194   12     195   6     197   9     198   13     199   1     200   9     202   3     203   13     204   4     205   12     206   1     207   15     208   8     210   13     211   14     212   7     213   3     214   8     215   11     216   6     217   2     218   4     219   13     220   3     221   4     222   7     223   3     224   15     225   10     226   12     227   15     228   8     230   2     231   12     232   13     233   3     234   11     235   4     236   11     237   8     238   1     239   13     240   1     241   6     242   14     243   7     244   1     245   8     246   8     247   12     248   11     249   5     250   2     251   5     252   14     253   7     254   13   
2   193  2   1     51   13     52   13     53   10     54   10     55   5     56   8     57   2     58   10     59   2     60   6     61   4     62   11     63   2     64   6     65   9     66   1     67   10     68   1     69   1     70   13     72   1     73   11     74   5     75   6     76   3     77   8     78   8     79   5     80   9     82   15     83   7     84   2     85   10     86   13     87   14     88   4     89   15     90   10     91   6     92   11     93   3     94   8     95   7     96   13     97   6     98   15     99   14     101   10     102   11     103   8     104   4     105   11     106   2     107   2     108   15     109   4     110   3     111   7     112   3     114   4     115   6     116   4     117   6     118   6     119   9     120   3     121   12     122   8     123   10     124   7     125   7     126   2     127   8     128   13     129   7     130   4     131   8     132   9     133   3     134   11     135   8     136   8     138   11     139   15     140   2     141   10     142   4     143   12     144   4     145   8     146   13     147   12     148   11     149   8     150   12     151   9     152   14     153   1     154   10     155   7     156   6     157   4     158   7     159   13     161   5     162   3     163   6     164   8     165   14     166   8     167   4     168   13     169   14     170   8     171   13     172   13     173   7     174   7     175   4     176   3     177   8     179   14     180   15     182   11     183   4     184   12     185   4     186   15     187   10     188   8     189   4     190   1     191   12     192   4     193   12     194   2     195   13     197   10     198   5     199   7     200   10     202   9     203   5     204   15     205   1     206   7     207   11     208   13     210   5     211   13     212   6     213   9     214   13     215   4     216   1     217   14     218   15     219   4     220   9     221   15     222   7     223   9     224   11     225   3     226   2     227   13     228   13     230   14     231   2     232   5     233   9     234   5     235   15     236   4     237   13     238   7     239   6     240   7     241   1     242   12     243   10     244   7     245   13     246   13     247   2     248   4     249   9     250   14     251   8     252   12     253   6     254   5   
3   193  3   1     51   7     52   9     53   8     54   9     55   13     56   5     57   12     58   9     59   12     60   7     61   11     62   15     63   12     64   7     65   3     66   11     67   11     69   3     70   15     72   6     73   15     74   13     75   7     76   10     77   5     78   5     79   13     80   3     81   11     82   2     83   11     84   11     85   15     86   3     88   11     89   4     90   9     91   7     92   15     93   10     94   5     95   1     96   14     97   15     98   1     99   11     100   3     101   9     102   3     103   14     104   12     105   15     106   12     107   12     108   4     109   11     110   10     111   6     112   13     113   13     114   8     115   14     116   2     117   7     118   7     120   1     121   11     122   5     123   9     124   1     125   1     126   8     127   12     128   14     129   14     130   12     131   14     132   14     133   10     134   15     135   5     137   10     138   12     139   4     140   12     141   11     142   4     143   2     144   11     145   12     146   1     147   6     148   4     149   5     150   14     151   3     152   2     153   7     154   8     155   10     156   5     157   13     158   7     159   8     161   9     162   11     163   14     164   4     165   2     166   5     167   11     168   8     169   2     170   3     171   4     172   6     173   13     174   1     175   11     176   10     177   2     178   2     179   8     180   7     182   15     183   11     184   14     185   11     186   4     187   1     188   2     189   5     190   6     191   14     192   11     193   11     194   6     195   14     196   8     197   9     198   13     199   1     200   9     202   3     204   12     205   14     206   10     207   15     208   8     209   8     210   12     211   1     212   8     213   3     214   8     215   11     216   6     217   2     218   6     219   2     220   9     221   13     222   8     223   11     224   15     226   11     227   11     228   9     230   2     231   12     232   13     233   1     234   4     235   13     236   11     237   8     238   15     239   15     240   15     241   1     242   2     243   15     244   3     245   8     246   8     247   12     248   10     249   10     251   5     252   14     253   7     254   13   
4   192  4   1     51   7     53   8     54   7     55   13     56   5     57   12     58   9     59   12     60   7     61   11     62   15     63   12     64   7     65   3     66   11     67   11     68   12     69   3     70   15     71   13     72   6     73   15     74   13     75   7     76   10     77   5     78   5     79   13     80   3     81   11     82   2     83   11     84   8     85   15     86   3     89   4     90   9     91   7     92   15     93   10     94   5     95   1     96   14     97   15     98   1     99   7     100   3     101   15     102   3     103   14     104   12     105   14     106   12     107   12     108   4     109   11     110   10     111   6     112   13     113   13     114   7     115   14     116   2     118   7     120   1     121   11     123   9     124   1     125   1     126   8     127   12     128   14     129   4     130   12     131   14     132   14     133   1     134   15     135   5     137   10     138   12     139   14     140   12     141   11     142   4     143   2     144   8     145   12     146   1     147   6     148   4     149   13     150   14     151   3     152   2     153   7     154   8     155   10     156   2     157   13     158   7     159   4     161   9     162   11     163   14     164   4     165   4     166   5     167   11     168   8     169   2     170   3     171   4     172   6     173   11     174   10     175   11     176   10     177   2     178   2     179   8     180   7     181   6     182   15     183   11     184   14     185   11     186   4     187   1     188   2     189   8     190   3     191   14     192   11     193   11     194   6     195   14     196   8     197   10     198   13     199   1     200   9     202   3     204   9     205   14     206   10     207   6     208   8     209   8     210   12     211   1     212   8     213   2     214   8     215   11     216   6     217   2     218   6     219   2     220   9     221   13     222   8     223   11     224   6     226   11     227   11     228   9     229   1     230   2     231   12     232   13     233   1     234   4     235   13     236   10     237   8     238   15     239   15     240   15     241   13     242   2     243   15     244   3     245   15     246   8     247   12     248   10     249   10     252   14     253   7     254   13   
5   190  5   1     51   3     54   3     55   4     56   4     57   1     58   5     59   1     60   3     61   2     62   12     63   1     64   3     65   13     66   2     67   2     69   8     70   12     71   11     72   7     73   12     74   11     75   3     76   8     77   4     78   4     79   11     80   13     81   2     82   7     83   2     84   15     85   4     86   13     89   1     90   5     91   3     92   12     93   8     94   4     95   10     96   6     97   12     98   10     99   3     100   5     101   12     102   13     103   6     104   1     105   6     106   2     107   1     108   14     109   2     110   8     111   9     112   11     113   11     114   3     115   12     116   7     118   2     120   10     121   2     124   10     125   10     126   15     127   1     128   6     129   14     130   10     131   6     132   6     133   10     134   2     135   4     137   8     138   1     139   6     140   9     141   2     142   14     143   7     144   15     145   13     146   10     147   9     148   14     149   11     151   13     152   7     153   3     154   15     155   8     156   7     157   5     158   3     159   14     160   6     161   5     162   2     163   6     164   14     165   14     166   13     167   2     168   15     169   7     170   13     171   14     172   9     173   2     174   9     175   10     176   8     177   7     178   7     179   15     180   3     181   9     182   9     183   2     184   6     185   2     186   14     187   10     188   7     189   15     190   3     191   8     192   2     193   2     194   9     195   6     196   15     197   8     198   7     199   10     200   5     202   13     204   5     205   11     206   8     207   9     208   6     209   15     210   1     211   10     212   15     213   7     214   3     215   2     216   9     217   7     218   9     219   7     220   5     221   11     222   15     223   2     224   9     225   3     226   2     227   2     228   5     229   10     230   1     231   1     232   11     233   10     234   14     235   11     236   8     237   5     238   12     239   12     240   12     241   11     242   12     243   12     244   13     245   12     246   8     247   1     248   8     249   8     252   3     253   3     254   11   
6   187  6   1     51   3     55   4     56   13     57   1     58   5     59   1     60   3     61   2     62   12     63   1     64   3     65   13     66   2     67   2     70   10     71   11     72   7     73   13     74   11     75   3     76   8     77   4     78   4     79   11     80   13     81   2     82   7     83   2     84   15     85   4     86   7     89   1     90   10     91   3     92   12     93   8     94   4     95   10     96   6     97   12     98   10     99   3     100   5     101   11     102   3     103   6     104   1     105   6     106   2     107   12     108   14     109   2     110   8     111   9     112   11     113   11     114   3     115   12     116   9     118   2     120   10     121   2     124   15     125   10     126   15     127   1     128   6     129   14     130   10     131   4     132   6     133   10     134   2     135   11     137   8     138   1     139   6     140   9     141   6     142   14     143   7     144   15     145   13     146   3     147   9     148   14     149   11     151   14     152   7     153   3     154   15     155   8     156   7     157   5     158   7     159   14     160   6     161   4     162   2     163   6     164   14     165   14     166   13     167   6     168   15     169   7     170   13     171   14     172   9     173   2     174   9     175   7     176   2     177   7     178   7     179   15     180   3     181   9     182   9     184   6     185   2     186   14     187   10     188   7     189   15     190   3     191   11     192   10     193   2     194   9     195   6     196   15     197   8     198   7     199   12     200   5     202   13     204   5     205   11     206   7     207   9     208   6     209   3     210   1     211   10     212   15     213   7     214   3     215   14     216   9     217   7     218   9     219   7     220   5     221   8     222   15     223   2     224   9     225   3     226   13     227   2     228   5     229   10     230   1     231   10     232   11     233   10     234   14     235   11     236   8     237   5     238   12     239   12     240   12     241   11     242   12     243   4     244   13     245   12     246   8     247   5     248   8     249   8     252   3     253   15     254   11   
7   187  7   1     51   14     56   6     57   12     58   1     59   11     60   14     61   5     62   13     63   11     64   14     65   6     66   5     67   5     71   2     72   4     73   6     74   10     75   14     76   7     77   10     78   10     79   9     80   6     81   5     82   4     83   5     84   3     86   4     87   11     89   11     90   2     91   6     92   13     93   7     94   10     95   2     96   15     97   13     98   2     99   14     100   1     101   9     102   14     103   7     104   11     105   15     106   5     107   13     108   1     109   5     110   7     111   12     112   9     113   9     114   14     115   13     116   12     117   11     118   5     119   3     120   2     121   5     124   3     125   15     126   3     127   11     128   15     129   8     130   2     131   10     132   7     133   2     134   5     135   9     137   7     138   11     139   15     140   12     141   15     142   4     143   4     144   3     145   6     146   14     147   13     148   8     149   9     151   8     152   13     153   14     154   3     155   7     156   4     157   1     158   4     159   15     160   15     161   10     162   1     163   15     164   8     165   8     166   6     167   15     168   10     169   4     170   6     171   8     172   12     173   5     174   12     175   4     176   6     177   1     178   4     179   3     180   14     181   12     182   12     184   9     185   5     186   8     187   2     188   4     189   3     190   14     191   9     192   1     193   1     194   12     195   15     196   3     197   7     198   4     199   13     200   9     202   6     204   1     205   9     206   4     207   1     208   15     209   14     210   8     211   2     212   3     213   4     214   14     215   8     216   8     217   4     218   12     219   4     220   1     221   7     222   6     223   5     224   12     225   14     226   6     227   1     228   1     229   2     230   11     231   2     232   14     233   2     234   8     235   9     236   7     237   1     238   13     239   13     240   13     241   9     242   13     243   10     244   5     245   13     246   7     247   1     248   11     249   7     252   14     253   3     254   2   
8   185  8   1     51   14     57   12     58   5     59   11     60   14     61   5     62   13     63   11     64   14     65   6     66   5     67   5     72   8     73   6     74   10     75   2     76   7     77   10     78   10     79   9     80   6     81   5     82   4     83   5     84   3     87   11     88   8     89   11     90   2     91   6     92   1     93   7     94   10     95   2     96   15     97   13     98   2     99   14     100   1     101   9     102   14     103   7     104   4     105   15     106   5     107   13     108   1     109   7     110   7     111   12     112   9     113   9     114   14     115   13     116   12     117   11     118   15     119   3     120   10     121   5     124   3     125   15     126   14     127   11     128   15     129   8     130   2     131   10     132   7     133   1     134   5     135   9     136   1     137   7     138   11     139   15     140   12     141   15     142   4     143   12     144   3     145   6     146   14     147   13     148   4     149   9     151   8     152   13     153   14     154   3     155   7     156   4     157   1     158   4     159   15     160   2     161   10     162   1     163   3     164   8     165   8     166   6     167   15     168   10     169   5     170   6     171   8     172   12     173   5     174   12     175   4     176   6     178   11     179   3     180   14     181   12     182   12     184   9     185   6     186   8     187   2     188   4     189   3     190   14     191   9     192   1     194   10     195   15     196   3     197   7     198   4     199   13     200   9     201   7     202   6     204   1     205   9     206   4     207   1     208   10     209   14     210   8     211   12     212   3     213   4     214   14     215   8     216   8     217   2     218   12     219   4     220   1     221   7     222   6     223   10     224   12     225   14     226   6     227   1     228   2     229   2     230   11     231   2     232   14     233   11     234   8     235   9     236   7     237   1     238   5     239   13     240   13     241   9     242   13     243   10     244   5     245   11     246   7     247   1     248   11     249   3     252   14     253   3     254   2   
9   178  9   1     51   8     58   1     59   12     60   8     61   1     62   6     63   9     64   8     65   15     66   1     67   1     73   12     74   2     75   5     76   14     77   2     78   2     79   12     80   15     81   1     82   10     83   1     84   14     88   7     89   15     90   5     91   15     92   11     93   6     94   2     95   5     96   3     97   6     98   5     99   8     100   11     101   12     103   4     104   10     105   8     106   1     107   6     108   11     109   4     110   11     111   13     112   12     113   12     114   8     115   6     116   13     117   9     118   3     119   14     120   2     121   12     124   14     125   3     126   8     127   13     128   3     129   7     130   5     131   2     132   4     133   11     134   14     135   12     136   11     137   1     138   9     139   3     140   13     141   3     142   10     143   13     144   10     145   15     146   8     147   6     148   10     149   15     151   7     152   6     153   10     154   14     155   4     156   10     157   11     158   10     159   3     160   5     162   11     163   14     164   1     165   7     166   15     167   3     168   2     169   1     170   15     171   7     172   13     173   1     174   13     175   10     176   15     179   10     180   8     181   13     182   13     184   12     185   15     186   9     187   5     188   10     189   14     190   8     191   12     192   11     195   1     196   14     197   4     198   10     199   6     200   12     201   4     202   3     204   11     205   12     206   10     207   11     208   2     210   7     211   13     212   9     213   10     214   8     215   7     216   7     217   5     218   10     219   10     220   11     221   4     222   15     223   2     224   10     225   8     226   15     227   11     228   5     229   12     230   9     231   5     232   8     233   9     234   1     235   12     236   4     237   11     238   1     239   9     240   6     241   12     242   6     243   2     244   1     245   9     246   1     247   11     248   9     249   14     250   6     252   8     253   14     254   5   
10   172  10   1     51   10     59   15     60   2     61   12     62   14     63   6     64   10     65   8     66   12     67   12     74   14     75   9     76   4     77   12     78   11     79   15     80   8     81   12     82   1     83   12     84   4     89   8     90   10     91   8     92   13     93   14     94   3     95   9     96   7     97   14     98   9     99   10     100   13     101   15     104   1     105   10     106   10     107   14     108   13     109   5     110   13     111   10     112   15     113   15     114   10     115   14     116   3     117   6     118   7     119   4     120   11     121   15     122   8     124   4     125   7     126   10     127   3     128   14     129   2     130   9     131   11     132   5     133   13     134   4     135   5     136   13     137   12     138   8     139   7     140   3     141   7     142   1     143   3     144   1     146   10     147   14     148   1     149   8     150   9     151   2     152   14     153   1     154   1     155   5     156   1     157   13     158   1     159   7     160   9     163   4     164   12     165   3     166   8     167   7     168   11     169   12     170   9     171   2     172   3     173   12     174   3     175   1     176   8     180   12     181   3     182   3     184   15     185   8     186   6     187   9     188   1     189   4     190   10     191   15     192   13     196   11     197   5     198   1     199   14     200   15     201   5     202   7     203   7     204   13     205   15     206   1     207   13     208   11     211   3     212   6     213   9     214   10     215   2     216   2     217   9     218   1     219   15     220   13     221   5     222   8     223   11     224   1     226   8     227   13     228   9     229   15     230   7     231   9     232   10     233   6     234   12     235   3     236   5     237   13     238   12     239   6     240   11     241   15     242   14     243   11     244   12     245   6     246   12     247   10     248   6     249   4     250   14     251   10     252   10     253   4     254   9   
11   157  11   1     51   15     60   3     61   3     62   9     63   5     64   15     65   12     66   10     67   10     75   8     76   6     77   10     78   11     79   1     80   12     81   10     82   8     83   10     84   6     90   15     91   2     92   2     93   9     94   11     95   12     96   13     97   9     98   4     99   15     100   2     101   1     105   15     106   15     107   11     108   2     109   14     110   2     111   15     112   15     113   1     114   15     115   9     116   11     117   5     118   13     120   7     121   1     122   12     123   3     124   6     125   13     126   15     127   11     128   9     130   4     131   7     132   14     133   2     134   6     135   14     136   2     137   10     138   12     139   8     140   11     141   13     142   8     143   11     144   8     147   9     148   8     149   12     150   4     151   7     152   9     153   8     154   8     155   15     156   8     157   2     158   8     159   13     160   4     164   10     165   11     166   7     167   13     168   7     169   10     170   4     172   11     173   10     174   11     175   8     176   12     181   2     182   11     184   1     185   12     186   5     188   8     189   6     190   15     191   1     192   2     197   15     198   8     199   9     200   1     201   14     202   13     203   13     204   2     205   1     206   8     207   2     208   7     212   5     213   4     214   14     215   3     216   3     217   4     218   8     219   1     220   5     221   14     222   12     223   7     224   8     227   2     228   4     229   1     230   13     231   7     232   15     233   5     234   10     235   11     236   11     237   2     238   10     239   5     240   7     242   9     243   7     244   10     245   5     246   10     247   15     249   6     250   9     251   15     252   11     253   6     254   4   
12   138  12   1     51   4     61   10     62   13     63   13     64   4     65   14     66   9     67   9     76   4     77   9     78   15     79   15     80   14     81   9     82   5     83   9     84   7     91   12     92   11     93   3     94   15     95   14     96   7     97   3     98   11     99   4     100   12     101   6     106   4     107   15     108   11     109   2     110   12     111   4     112   4     114   4     115   3     116   15     117   13     118   8     121   6     122   14     123   10     124   14     125   8     126   4     127   15     128   3     131   1     132   2     133   12     134   7     135   2     136   12     137   9     138   14     139   5     140   13     141   8     142   5     143   15     144   5     148   5     149   14     150   11     151   1     152   14     153   5     154   5     155   4     157   12     158   5     159   8     160   11     165   15     166   1     167   14     168   1     169   9     170   11     173   9     174   15     175   5     176   14     182   13     184   6     185   14     186   13     189   7     190   4     191   6     192   12     198   7     199   3     200   6     201   2     202   8     203   8     205   6     206   5     207   12     208   1     213   11     214   2     215   9     216   10     217   11     218   5     219   6     220   13     221   2     222   14     223   1     224   5     228   11     229   6     230   8     231   1     232   7     233   13     234   9     235   15     236   15     237   5     238   9     239   13     240   1     243   1     244   9     245   13     246   9     247   4     250   3     251   4     252   15     253   10     254   11   
13   115  13   1     51   8     62   9     63   2     64   8     65   15     66   1     67   1     77   7     78   13     79   13     80   10     81   1     82   10     83   1     84   14     92   5     93   8     94   13     95   15     96   14     98   5     99   8     100   11     101   12     107   13     108   5     109   10     110   11     111   8     112   8     115   6     116   13     117   9     118   3     122   15     123   7     124   15     125   12     126   8     127   13     128   6     132   4     133   11     134   14     135   4     137   1     138   15     139   10     140   9     142   10     143   13     144   10     149   15     150   5     151   2     152   15     153   10     154   10     155   8     158   10     159   3     160   5     166   2     167   15     168   14     169   1     170   5     174   13     175   10     176   15     183   8     184   12     185   15     186   9     190   8     191   12     192   11     199   15     200   12     201   4     202   3     203   3     206   10     207   11     208   2     214   4     215   1     216   13     217   5     218   10     219   12     220   9     222   15     223   2     224   10     229   12     230   3     231   2     232   14     234   1     235   13     236   13     237   10     238   1     239   9     240   2     244   1     245   9     246   1     247   8     251   8     252   13     253   7     254   15   
14   88  14   1     51   10     63   11     64   7     65   8     66   12     67   12     78   9     79   3     80   1     82   1     83   12     84   4     93   10     94   5     95   8     96   4     99   10     100   13     101   15     108   9     109   1     110   5     111   10     112   10     116   3     117   6     118   7     123   2     124   8     125   15     127   3     128   14     133   13     134   4     135   5     138   8     139   1     140   6     143   3     144   1     150   9     151   11     152   8     153   1     154   1     155   10     159   7     160   9     167   8     168   4     169   9     170   9     175   1     176   8     184   3     185   8     186   6     191   15     192   13     200   6     201   5     202   7     203   7     207   13     208   11     215   12     216   3     217   10     218   1     219   15     220   6     223   11     224   1     230   7     231   11     232   4     235   3     236   3     237   1     239   6     240   11     245   6     246   12     247   10     252   3     253   2     254   8   
15   58  15   1     51   4     64   8     65   3     66   9     67   9     79   13     80   5     83   9     84   7     94   2     95   4     96   7     100   12     101   6     109   5     110   2     112   4     117   13     118   8     124   14     125   6     128   3     134   7     135   2     139   5     140   13     144   5     151   1     152   14     154   5     155   4     160   11     168   7     169   11     170   11     176   14     185   5     186   13     192   12     201   11     202   8     203   8     208   1     216   15     217   4     219   6     220   13     224   5     231   1     232   7     236   15     237   5     240   1     246   9     247   4     253   10     254   14   
16   26  16   1     51   9     65   2     67   14     80   9     84   11     95   9     101   4     110   13     118   1     125   4     135   13     140   7     152   5     155   9     169   3     170   3     186   1     202   12     203   1     217   9     220   7     232   11     237   6     247   9     254   5   
17   195  17   1     51   12     52   6     53   4     54   4     55   2     56   14     57   10     58   4     59   10     60   13     61   7     62   1     63   10     64   13     65   11     66   5     67   3     68   5     69   1     70   12     72   5     73   1     74   2     75   13     76   15     77   14     78   14     79   2     80   11     82   15     83   2     84   10     85   4     86   14     87   3     88   7     89   6     90   4     91   13     92   1     93   15     94   14     95   8     96   12     97   1     98   5     99   6     101   4     102   1     103   12     104   7     105   1     106   10     107   10     108   6     109   7     110   15     111   8     112   12     114   10     115   8     116   7     117   13     118   13     119   11     120   13     121   9     122   14     123   4     124   8     125   8     126   10     127   11     128   12     129   8     130   4     131   12     132   11     133   15     134   1     135   14     136   14     137   8     138   1     139   6     140   10     141   4     142   11     143   9     144   7     145   14     146   9     147   6     148   1     149   14     150   9     151   11     152   3     153   5     154   14     155   8     156   13     157   14     158   8     159   12     161   2     162   5     163   8     164   14     165   3     166   14     167   7     168   12     169   3     170   14     171   6     172   1     173   8     174   8     175   7     176   15     177   14     178   7     179   11     180   6     182   1     183   7     184   9     185   7     186   6     187   6     188   5     189   7     190   5     191   9     192   7     193   9     194   2     195   5     197   4     198   2     199   8     200   4     202   11     203   2     204   6     205   10     206   8     207   1     208   12     210   8     211   9     212   13     213   11     214   12     215   7     216   5     217   3     218   6     219   2     220   11     221   6     222   13     223   11     224   1     225   15     226   9     227   1     228   12     230   3     231   10     232   2     233   11     234   7     235   6     236   7     237   12     238   8     239   2     240   8     241   5     242   8     243   13     244   8     245   12     246   12     247   10     248   7     249   14     250   3     251   14     252   9     253   13     254   2   
18   193  18   1     51   2     52   2     53   15     54   15     55   14     56   12     57   3     58   15     59   3     60   5     61   6     62   7     63   3     64   5     65   4     66   8     67   15     68   8     69   8     70   2     72   8     73   7     74   14     75   5     76   11     77   12     78   12     79   14     80   4     82   1     83   14     84   3     85   15     86   2     87   9     88   6     89   1     90   15     91   5     92   7     93   11     94   12     95   13     96   2     97   5     98   1     99   1     101   15     102   7     103   12     104   6     105   7     106   3     107   3     108   1     109   6     110   11     111   13     112   11     114   6     115   13     116   6     117   5     118   5     119   4     120   11     121   10     122   12     123   15     124   13     125   13     126   3     127   12     128   2     129   13     130   6     131   2     132   4     133   11     134   7     135   12     136   12     138   7     139   1     140   3     141   15     142   6     143   10     144   6     145   12     146   2     147   1     148   7     149   12     150   10     151   4     152   9     153   8     154   15     155   13     156   5     157   6     158   13     159   2     161   14     162   11     163   13     164   12     165   9     166   12     167   6     168   2     169   9     170   12     171   2     172   2     173   13     174   13     175   6     176   11     177   12     179   4     180   1     182   7     183   6     184   10     185   6     186   1     187   15     188   12     189   6     190   8     191   10     192   6     193   10     194   3     195   8     197   15     198   14     199   13     200   15     202   4     203   14     204   1     205   8     206   13     207   7     208   2     210   14     211   10     212   5     213   4     214   2     215   6     216   8     217   9     218   1     219   6     220   4     221   1     222   13     223   4     224   7     225   11     226   3     227   7     228   2     230   9     231   3     232   14     233   4     234   14     235   1     236   6     237   2     238   13     239   5     240   13     241   8     242   10     243   5     244   13     245   2     246   2     247   3     248   6     249   4     250   9     251   12     252   10     253   5     254   14   
19   191  19   1     51   14     52   1     53   3     54   1     55   9     56   10     57   11     58   1     59   11     60   14     61   5     62   13     63   11     64   14     65   6     66   5     67   5     69   6     70   13     72   12     73   13     74   9     75   14     76   7     77   10     78   10     79   9     80   6     81   5     82   4     83   5     84   11     85   13     86   6     88   5     89   8     90   1     91   14     92   13     93   7     94   10     95   2     96   15     97   13     98   2     99   5     101   1     102   6     103   15     104   11     105   13     106   11     107   11     108   8     109   5     110   7     111   12     112   9     113   9     114   3     115   15     116   5     117   14     118   14     120   2     121   5     122   10     123   1     124   2     125   2     126   3     127   11     128   15     129   15     130   11     131   15     132   6     133   7     134   13     135   10     137   7     138   11     139   8     140   11     141   5     142   8     143   4     144   5     145   11     146   2     147   12     148   13     149   10     150   15     151   6     152   4     153   14     154   3     155   7     156   10     157   9     158   14     159   3     161   1     162   5     163   15     164   10     165   4     166   10     167   5     168   3     169   4     170   6     171   8     172   12     173   9     174   2     175   5     176   7     177   4     178   4     179   3     180   8     182   13     183   5     184   15     185   5     186   8     187   2     188   4     189   10     190   12     191   15     192   5     193   5     194   12     195   15     197   1     198   9     199   2     200   1     202   6     204   11     205   15     206   7     207   13     208   3     209   3     210   11     211   2     212   14     213   6     214   3     215   5     216   12     217   4     218   12     219   4     220   1     221   9     222   3     223   5     224   13     226   5     227   5     228   3     230   4     231   11     232   9     233   2     234   8     235   9     236   5     237   3     238   13     239   13     240   13     241   2     242   4     243   13     244   2     245   3     246   3     247   11     248   7     249   7     251   10     252   15     253   14     254   9   
20   190  20   1     51   8     53   14     54   8     55   12     56   2     57   9     58   11     59   9     60   8     61   1     62   6     63   9     64   8     65   15     66   1     67   1     69   15     70   6     71   12     72   13     73   6     74   12     75   8     76   4     77   2     78   2     79   12     80   15     81   1     82   10     83   1     84   14     85   6     86   15     89   7     90   11     91   8     92   6     93   4     94   2     95   5     96   3     97   6     98   5     99   8     100   15     101   11     102   15     103   3     104   9     105   3     106   9     107   9     108   7     109   1     110   4     111   13     112   12     113   12     114   8     115   3     116   10     117   8     118   8     120   5     121   1     123   11     124   5     125   5     126   14     127   9     128   3     129   7     130   9     131   3     132   3     133   4     134   6     135   2     137   4     138   9     139   3     140   9     141   1     142   7     143   10     144   14     145   9     146   5     147   13     148   7     149   2     150   3     151   15     152   10     153   8     154   14     155   4     156   10     157   12     158   8     159   7     161   11     162   1     163   3     164   7     165   10     166   2     167   1     168   14     169   10     170   15     171   7     172   13     173   1     174   4     175   1     176   4     177   10     178   10     179   14     180   8     182   6     183   1     184   3     185   1     186   7     187   5     188   10     189   14     190   15     191   3     192   1     193   1     194   13     195   3     196   14     197   11     198   12     199   5     200   11     202   15     204   11     205   3     206   4     207   13     208   14     209   14     210   9     211   5     212   14     213   15     214   14     215   1     216   13     217   10     218   13     219   10     220   11     221   12     222   14     223   1     224   13     226   1     227   1     228   11     230   10     231   9     232   12     233   5     234   7     235   12     236   4     237   14     238   6     239   6     240   6     241   12     242   10     243   6     244   15     245   14     246   14     247   9     248   4     249   4     252   3     253   8     254   12   
21   191  21   1     51   2     54   2     55   9     56   9     57   15     58   6     59   15     60   2     61   13     62   8     63   15     64   2     65   7     66   13     67   13     69   7     70   8     71   3     72   11     73   8     74   3     75   2     76   1     77   9     78   9     79   3     80   7     81   13     82   11     83   13     84   10     85   8     86   7     89   15     90   6     91   2     92   8     93   1     94   9     95   12     96   4     97   8     98   12     99   2     100   6     101   8     102   7     103   4     104   15     105   4     106   13     107   15     108   5     109   13     110   1     111   14     112   3     113   3     114   2     115   8     116   11     118   2     120   12     121   13     124   12     125   12     126   10     127   15     128   4     129   5     130   12     131   4     132   4     133   12     134   8     135   9     137   1     138   15     139   4     140   14     141   13     142   5     143   11     144   10     145   7     146   12     147   14     148   5     149   3     150   4     151   7     152   11     153   2     154   10     155   1     156   11     157   6     158   2     159   5     160   4     161   6     162   13     163   4     164   5     165   5     166   9     167   13     168   10     169   11     170   7     171   5     172   14     173   13     174   14     175   12     176   1     177   11     178   11     179   10     180   2     181   14     182   8     183   13     184   4     185   13     186   5     187   12     188   11     189   10     190   2     191   1     192   13     193   13     194   14     195   4     196   10     197   1     198   3     199   12     200   6     202   7     204   6     205   3     206   1     207   14     208   4     209   10     210   15     211   12     212   10     213   11     214   10     215   13     216   14     217   11     218   14     219   11     220   6     221   3     222   10     223   13     224   14     225   2     226   13     227   13     228   6     229   12     230   11     231   15     232   3     233   12     234   5     235   3     236   1     237   6     238   8     239   8     240   8     241   3     242   8     243   8     244   7     245   8     246   10     247   15     248   1     249   1     252   2     253   2     254   3   
22   188  22   1     51   8     55   2     56   15     57   9     58   11     59   9     60   8     61   1     62   6     63   9     64   8     65   15     66   1     67   1     70   6     71   12     72   10     73   15     74   12     75   8     76   4     77   2     78   2     79   12     80   15     81   1     82   10     83   1     84   14     85   2     86   15     89   9     90   5     91   8     92   6     93   4     94   2     95   5     96   3     97   6     98   5     99   8     100   11     101   12     102   15     103   3     104   9     105   3     106   1     107   6     108   7     109   1     110   4     111   13     112   12     113   12     114   8     115   6     116   13     118   1     120   5     121   1     124   14     125   5     126   14     127   9     128   3     129   7     130   5     131   2     132   3     133   5     134   1     135   2     137   4     138   9     139   3     140   13     141   3     142   7     143   10     144   14     145   15     146   8     147   13     148   7     149   12     151   15     152   10     153   8     154   14     155   4     156   10     157   11     158   10     159   7     160   3     161   2     162   1     163   3     164   7     165   7     166   15     167   1     168   14     169   10     170   15     171   7     172   13     173   1     174   13     175   10     176   1     177   10     178   10     179   14     180   8     181   13     182   13     183   1     184   3     185   1     186   7     187   5     188   10     189   14     190   8     191   12     192   5     193   1     194   13     195   3     196   14     197   4     198   10     199   5     200   11     202   15     204   11     205   12     206   10     207   13     208   3     209   8     210   9     211   5     212   14     213   10     214   8     215   1     216   13     217   10     218   13     219   10     220   11     221   4     222   14     223   1     224   13     225   8     226   15     227   1     228   11     229   5     230   9     231   9     232   12     233   5     234   7     235   12     236   4     237   11     238   6     239   6     240   6     241   12     242   6     243   2     244   15     245   6     246   4     247   9     248   4     249   4     252   8     253   14     254   12   
23   185  23   1     51   8     56   15     57   13     58   11     59   9     60   8     61   1     62   6     63   9     64   8     65   15     66   1     67   1     71   12     72   10     73   15     74   2     75   8     76   4     77   2     78   2     79   12     80   15     81   1     82   10     83   1     84   14     86   10     89   9     90   5     91   15     92   6     93   4     94   2     95   5     96   3     97   6     98   5     99   8     100   11     101   12     102   8     103   3     104   9     105   3     106   1     107   6     108   11     109   1     110   4     111   13     112   12     113   12     114   8     115   6     116   13     117   9     118   1     120   5     121   1     124   14     125   3     126   14     127   9     128   3     129   7     130   5     131   2     132   4     133   5     134   1     135   12     137   4     138   9     139   3     140   13     141   3     142   10     143   10     144   14     145   15     146   8     147   6     148   7     149   12     151   7     152   10     153   8     154   14     155   4     156   10     157   11     158   10     159   3     160   3     161   2     162   11     163   3     164   7     165   7     166   15     167   3     168   14     169   10     170   15     171   7     172   13     173   1     174   13     175   10     176   15     177   11     178   10     179   14     180   8     181   13     182   13     184   3     185   1     186   7     187   5     188   10     189   14     190   8     191   12     192   11     193   11     194   13     195   3     196   14     197   4     198   10     199   6     200   11     202   15     204   11     205   12     206   10     207   11     208   3     209   8     210   7     211   5     212   14     213   10     214   8     215   7     216   13     217   10     218   13     219   10     220   11     221   4     222   15     223   1     224   13     225   8     226   15     227   11     228   11     229   5     230   9     231   5     232   12     233   5     234   7     235   12     236   4     237   11     238   6     239   6     240   6     241   12     242   6     243   2     244   1     245   6     246   4     247   11     248   4     249   4     252   8     253   14     254   5   
24   182  24   1     51   3     57   9     58   2     59   1     60   3     61   2     62   12     63   1     64   3     65   13     66   2     67   2     72   7     73   13     74   4     75   10     76   8     77   4     78   4     79   11     80   13     81   2     82   7     83   2     84   15     87   1     89   1     90   10     91   13     92   5     93   8     94   4     95   10     96   6     97   12     98   10     99   3     100   5     101   11     102   3     103   8     104   1     105   6     106   2     107   12     108   5     109   8     110   8     111   9     112   11     113   11     114   3     115   12     116   9     117   1     118   6     119   15     120   10     121   2     124   15     125   6     126   3     127   1     128   6     129   14     130   10     131   4     132   8     133   5     134   2     135   11     137   8     138   1     139   6     140   9     141   6     142   7     143   9     144   15     145   13     146   3     147   12     148   7     149   11     151   14     152   12     153   3     154   15     155   8     156   7     157   5     158   7     159   6     160   10     161   4     162   5     163   15     164   14     165   14     166   13     167   6     168   4     169   7     170   13     171   14     172   9     173   2     174   9     175   7     176   13     178   1     179   15     180   3     181   9     182   9     184   11     185   2     186   14     187   10     188   7     189   15     190   3     191   11     192   5     194   4     195   6     196   15     197   8     198   7     199   12     200   11     202   13     204   5     205   11     206   7     207   5     208   4     209   3     210   14     211   9     212   15     213   7     214   3     215   14     216   14     217   7     218   9     219   7     220   5     221   8     222   13     223   4     224   9     225   3     226   13     227   5     228   10     229   10     230   1     231   10     232   3     233   10     234   14     235   11     236   8     237   5     238   2     239   12     240   12     241   11     242   12     243   4     244   2     245   1     246   8     247   5     248   1     249   8     252   3     253   15     254   10   
25   177  25   1     51   4     58   9     59   6     60   4     61   9     62   3     63   13     64   4     65   14     66   9     67   9     73   14     74   1     75   11     76   7     77   1     78   1     79   6     80   14     81   9     82   5     83   9     84   7     88   10     89   13     90   11     91   14     92   12     93   3     94   1     95   11     96   8     97   3     98   11     99   4     100   12     101   6     103   2     104   5     105   8     106   9     107   3     108   12     109   2     110   12     111   15     112   6     113   6     114   4     115   3     116   15     117   13     118   8     119   7     120   1     121   9     124   7     125   8     126   4     127   15     128   8     129   10     130   11     131   1     132   2     133   12     134   7     135   6     136   12     137   2     138   13     139   8     140   15     141   8     142   5     143   15     144   5     145   14     146   4     147   3     148   5     149   14     151   10     152   3     153   4     154   7     155   2     156   5     157   12     158   5     159   8     160   11     162   12     163   7     164   9     165   10     166   14     167   8     168   1     169   9     170   14     171   10     172   15     173   9     174   15     175   5     176   14     179   5     180   4     181   15     182   15     184   6     185   14     186   10     187   11     188   5     189   7     190   4     191   6     192   12     195   9     196   7     197   2     198   5     199   3     200   6     201   2     202   14     204   12     205   6     206   5     207   12     208   1     210   10     211   15     212   13     213   5     214   4     215   10     216   10     217   11     218   15     219   5     220   12     221   2     222   14     223   1     224   5     225   4     226   14     227   12     228   11     229   6     230   13     231   11     232   4     233   13     234   10     235   6     236   2     237   12     238   9     239   13     240   3     241   6     242   3     243   1     244   9     245   13     246   9     247   12     248   13     249   7     252   4     253   7     254   11   
26   169  26   1     51   10     59   15     60   2     61   12     62   14     63   6     64   10     65   8     66   12     67   12     74   11     75   9     76   4     77   12     78   11     79   15     80   8     81   12     82   1     83   12     84   4     89   8     90   9     91   8     92   13     93   14     94   3     95   9     96   7     97   14     98   9     99   10     100   13     101   15     104   1     105   10     106   12     107   14     108   13     109   5     110   13     111   10     112   15     113   15     114   10     115   14     116   3     117   6     118   7     119   4     120   11     121   15     124   4     125   7     126   10     127   3     128   14     129   2     130   9     131   11     132   5     133   13     134   4     135   5     136   13     137   12     138   6     139   7     140   3     141   7     142   1     143   3     144   1     146   10     147   14     148   1     149   8     150   9     151   2     152   14     153   1     154   4     155   5     156   1     157   13     158   1     159   7     160   9     163   4     164   12     165   3     166   8     167   7     168   11     169   12     170   8     171   2     172   3     173   12     174   3     175   1     176   8     180   12     181   3     182   3     184   15     185   8     186   6     187   9     188   1     189   4     190   10     191   15     192   13     196   11     197   5     198   1     199   14     200   15     201   5     202   7     204   13     205   15     206   1     207   13     208   11     211   3     212   6     213   9     214   10     215   2     216   2     217   9     218   1     219   1     220   13     221   5     222   8     223   11     224   1     226   8     227   13     228   9     229   15     230   7     231   9     232   10     233   6     234   12     235   15     236   5     237   13     238   12     239   6     240   11     241   15     242   14     243   11     244   12     245   6     246   12     247   10     248   6     249   4     250   14     252   10     253   4     254   9   
27   158  27   1     51   10     60   2     61   2     62   14     63   6     64   10     65   8     66   12     67   12     75   9     76   4     77   12     78   3     79   15     80   8     81   12     82   1     83   12     84   4     90   10     91   8     92   13     93   14     94   3     95   8     96   7     97   14     98   9     99   10     100   13     101   15     105   10     106   10     107   14     108   13     109   5     110   13     111   10     112   10     113   15     114   10     115   14     116   3     117   6     118   7     120   11     121   15     122   8     124   4     125   7     126   10     127   3     128   14     130   9     131   11     132   5     133   13     134   4     135   5     136   13     137   12     138   8     139   7     140   3     141   7     142   1     143   3     144   1     147   14     148   1     149   8     150   9     151   11     152   14     153   1     154   1     155   5     156   1     157   13     158   1     159   7     160   9     164   12     165   3     166   11     167   7     168   11     169   12     170   9     171   2     172   3     173   12     174   3     175   1     176   8     181   13     182   3     184   15     185   8     186   6     187   9     188   1     189   4     190   10     191   15     192   13     197   10     198   1     199   14     200   15     201   5     202   7     203   7     204   13     205   15     206   1     207   13     208   11     212   6     213   9     214   5     215   2     216   2     217   9     218   1     219   15     220   13     221   5     222   8     223   11     224   1     227   13     228   9     229   15     230   7     231   11     232   10     233   6     234   12     235   3     236   5     237   13     238   12     239   6     240   11     242   14     243   11     244   12     245   6     246   12     247   10     249   4     250   14     251   10     252   10     253   4     254   9   
28   142  28   1     51   10     61   2     62   6     63   6     64   10     65   8     66   12     67   12     76   4     77   12     78   3     79   3     80   8     81   12     82   1     83   12     84   4     91   13     92   13     93   14     94   3     95   8     96   4     97   14     98   9     99   10     100   13     101   15     106   10     107   3     108   13     109   5     110   13     111   10     112   10     114   10     115   14     116   3     117   6     118   7     121   15     122   8     123   2     124   4     125   7     126   10     127   3     128   14     131   11     132   5     133   13     134   4     135   5     136   13     137   12     138   8     139   1     140   3     141   7     142   1     143   3     144   1     148   1     149   8     150   9     151   11     152   8     153   1     154   1     155   10     156   1     157   13     158   1     159   7     160   9     165   3     166   11     167   8     168   11     169   12     170   9     172   3     173   12     174   3     175   1     176   8     182   6     184   15     185   8     186   6     188   1     189   4     190   10     191   15     192   13     198   4     199   14     200   15     201   5     202   7     203   7     204   13     205   15     206   1     207   13     208   11     213   9     214   5     215   12     216   2     217   9     218   1     219   15     220   6     221   5     222   8     223   11     224   1     228   9     229   15     230   7     231   11     232   4     233   6     234   12     235   3     236   3     237   13     238   12     239   6     240   11     243   11     244   12     245   6     246   12     247   10     250   14     251   10     252   3     253   4     254   9   
29   121  29   1     51   6     62   2     63   8     64   6     65   9     66   4     67   4     77   4     78   1     79   1     80   14     81   4     82   14     83   4     84   13     92   7     93   11     94   1     95   9     96   13     98   7     99   6     100   10     101   5     107   1     108   7     109   3     110   10     111   6     112   6     115   11     116   1     117   2     118   12     122   9     123   15     124   9     125   12     126   6     127   1     128   11     132   3     133   10     134   13     135   3     137   4     138   9     139   14     140   2     141   12     142   14     143   1     144   14     149   9     150   7     151   8     152   9     153   14     154   14     155   6     157   10     158   14     159   12     160   7     166   8     167   9     168   13     169   4     170   7     173   4     174   1     175   14     176   9     183   6     184   5     185   9     186   2     189   13     190   6     191   5     192   10     199   9     200   5     201   3     202   12     203   12     205   5     206   14     207   10     208   8     214   3     215   4     216   1     217   7     218   14     219   5     220   2     221   3     222   9     223   8     224   14     229   5     230   12     231   8     232   13     234   4     235   1     236   1     237   14     238   4     239   2     240   8     244   4     245   2     246   4     247   6     251   6     252   1     253   15     254   7   
30   96  30   1     51   13     63   14     64   9     65   11     66   7     67   7     78   5     79   5     80   3     82   3     83   7     84   12     93   13     94   5     95   11     96   12     99   13     100   4     101   2     108   8     109   3     110   4     111   13     112   13     116   5     117   10     118   9     123   6     124   11     125   2     126   13     127   5     128   1     133   4     134   12     135   15     138   11     139   3     140   10     142   3     143   5     144   3     150   8     151   14     152   11     153   3     154   3     155   13     158   3     159   9     160   8     167   11     168   12     169   8     170   8     174   5     175   3     176   11     184   5     185   11     186   10     190   13     191   2     192   4     200   10     201   15     202   9     203   9     206   3     207   4     208   14     215   7     216   5     217   13     218   3     219   2     220   10     222   11     223   14     224   3     230   9     231   14     232   12     235   5     236   5     237   3     238   7     239   10     240   14     245   10     246   7     247   13     252   5     253   6     254   11   
31   67  31   1     51   13     64   9     65   1     66   7     67   7     79   5     80   3     83   7     84   12     94   15     95   11     96   12     100   4     101   2     109   3     110   15     111   13     112   13     117   10     118   9     124   11     125   2     127   5     128   1     134   12     135   15     139   3     140   10     143   5     144   3     151   14     152   11     154   3     155   13     159   9     160   8     168   12     169   8     170   8     175   3     176   11     185   3     186   10     191   2     192   4     201   8     202   9     203   9     207   4     208   14     216   5     217   13     219   2     220   10     223   14     224   3     231   14     232   12     236   5     237   3     239   10     240   14     246   7     247   13     253   6     254   11   
32   36  32   1     51   1     65   4     67   15     80   12     84   5     95   1     96   5     101   8     110   9     112   1     118   2     125   8     128   4     135   9     140   14     144   12     152   10     155   1     160   6     169   6     170   6     176   10     186   2     192   3     202   11     203   2     208   13     217   1     220   14     224   12     232   5     237   12     240   13     247   1     254   10   
33   13  33   1     66   10     81   12     96   2     111   12     126   13     141   15     156   15     171   10     203   10     218   15     233   15     248   14   
34   13  34   1     67   5     82   7     97   3     112   4     127   12     142   3     157   15     172   14     187   9     219   12     234   12     249   12   
35   195  35   1     52   15     53   10     54   10     55   5     56   8     57   2     58   10     59   2     60   6     61   4     62   11     63   2     64   6     65   9     66   8     67   14     68   13     69   11     70   13     72   1     73   11     74   5     75   6     76   3     77   8     78   8     79   5     80   9     81   5     82   3     84   2     85   6     86   8     87   14     88   4     89   15     90   10     91   6     92   11     93   3     94   8     95   7     96   1     97   5     98   5     99   15     101   10     103   13     104   4     105   11     106   2     107   2     108   15     109   4     110   3     111   9     112   13     113   9     114   2     115   7     116   4     117   6     118   6     119   15     120   6     121   12     122   8     123   10     124   7     125   7     126   10     127   9     128   1     129   10     130   10     131   13     132   9     133   3     134   11     135   8     136   2     137   7     138   11     139   15     140   2     141   14     142   9     143   7     144   4     145   9     146   12     147   15     148   11     149   8     150   12     151   9     152   14     153   3     154   8     155   7     156   2     157   8     158   11     159   13     161   13     162   1     163   7     164   8     165   14     166   8     167   4     168   13     169   14     170   4     171   6     172   11     173   12     174   7     175   4     176   3     177   6     178   4     179   9     180   15     182   11     183   4     184   12     185   4     186   15     187   9     188   6     189   4     190   1     191   12     192   4     193   6     194   5     195   1     197   10     198   5     199   7     200   10     202   9     203   12     204   12     205   2     206   7     207   11     208   13     209   3     210   7     211   12     212   6     213   9     214   13     215   4     216   1     217   14     218   11     219   5     220   14     221   14     222   6     223   9     224   11     225   4     226   12     227   11     228   13     230   14     231   2     232   5     233   13     234   4     235   14     236   4     237   13     238   8     239   5     240   7     241   15     242   7     243   6     244   7     245   13     246   13     247   2     248   6     249   8     250   10     251   8     252   12     253   6     254   5   
36   13  36   1     52   15     84   4     99   3     114   7     129   11     144   4     159   3     174   6     189   14     204   12     236   13     251   12   
37   13  37   1     53   2     68   3     100   11     115   13     130   14     145   7     160   10     175   11     190   1     205   4     237   13     252   15   
38   13  38   1     54   4     69   2     101   5     116   10     131   9     146   15     161   13     176   11     191   4     206   7     221   4     253   3   
39   13  39   1     55   4     70   10     85   4     117   1     132   14     147   5     162   7     177   2     192   15     207   12     222   2     254   1   
40   13  40   1     56   12     71   4     86   8     118   7     133   6     148   11     163   11     178   13     193   2     208   10     223   13     238   3   
41   13  41   1     57   12     72   8     87   11     102   14     134   6     149   15     164   13     179   7     194   10     209   14     224   8     239   6   
42   13  42   1     58   7     73   2     88   6     103   15     135   13     150   8     165   3     180   10     195   7     210   6     225   13     240   15   
43   13  43   1     59   2     74   1     89   11     104   3     119   12     151   8     166   5     181   1     196   14     211   5     226   11     241   2   
44   13  44   1     60   12     75   6     90   9     105   9     120   15     152   7     167   4     182   13     197   9     212   7     227   8     242   2   
45   13  45   1     61   14     76   3     91   5     106   3     121   11     136   5     168   11     183   3     198   15     213   10     228   10     243   4   
46   13  46   1     62   14     77   11     92   6     107   7     122   10     137   15     169   9     184   15     199   10     214   9     229   8     244   15   
47   13  47   1     63   2     78   5     93   8     108   5     123   7     138   15     153   10     185   5     200   9     215   1     230   3     245   9   
48   13  48   1     64   11     79   4     94   6     109   15     124   1     139   15     154   15     186   15     201   14     216   2     231   3     246   8   
49   13  49   1     65   11     80   6     95   6     110   3     125   5     140   2     155   6     170   7     202   15     217   6     232   13     247   6   
50   196  50   1     52   11     53   3     54   3     55   8     56   13     57   14     58   3     59   14     60   1     61   15     62   4     63   14     64   1     65   10     66   13     67   12     68   5     69   4     70   5     72   7     73   4     74   8     75   1     76   9     77   13     78   13     79   8     80   10     81   8     82   9     83   8     84   14     85   1     86   13     87   12     88   15     89   11     90   3     91   1     92   4     93   9     94   13     95   6     96   7     97   8     98   7     99   11     101   3     103   5     104   15     105   4     106   14     107   14     108   11     109   15     110   9     111   10     112   5     113   14     114   14     115   6     116   15     117   1     118   1     119   11     120   1     121   2     122   13     123   3     124   6     125   6     126   3     127   10     128   5     129   3     130   3     131   5     132   10     133   9     134   4     135   13     136   14     137   6     138   4     139   11     140   14     141   12     142   10     143   2     144   15     145   10     146   2     147   11     148   4     149   13     150   2     151   10     152   12     153   9     154   13     155   6     156   14     157   13     158   6     159   5     161   5     162   7     163   6     164   13     165   12     166   13     167   15     168   5     169   12     170   15     171   1     172   4     173   6     174   6     175   15     176   9     177   1     178   15     179   10     180   11     182   4     183   15     184   2     185   15     186   11     187   10     188   7     189   15     190   7     191   2     192   15     193   1     194   8     195   7     197   3     198   8     199   6     200   3     202   10     203   2     204   2     205   14     206   6     207   4     208   5     209   9     210   6     211   2     212   1     213   10     214   5     215   15     216   7     217   12     218   4     219   8     220   10     221   12     222   1     223   10     224   4     225   15     226   2     227   4     228   5     230   12     231   14     232   8     233   5     234   15     235   11     236   15     237   5     238   13     239   8     240   6     241   11     242   6     243   1     244   6     245   5     246   5     247   14     248   1     249   13     250   12     251   13     252   2     253   1     254   8   
