row_number
62
col_number
124
rank
62
ary
256
*****1's_location/per_row****
0   4  0   108     31   64     62   17     93   43   
1   4  1   215     32   85     63   116     94   235   
2   4  2   236     33   23     64   18     95   222   
3   4  3   45     34   168     65   140     96   244   
4   4  4   170     35   35     66   209     97   6   
5   4  5   4     36   206     67   162     98   50   
6   4  6   34     37   205     68   91     99   79   
7   4  7   188     38   144     69   81     100   10   
8   4  8   240     39   97     70   100     101   241   
9   4  9   96     40   213     71   146     102   208   
10   4  10   96     41   244     72   51     103   12   
11   4  11   77     42   79     73   217     104   54   
12   4  12   253     43   75     74   247     105   202   
13   4  13   17     44   97     75   169     106   177   
14   4  14   237     45   62     76   234     107   186   
15   4  15   191     46   204     77   250     108   150   
16   4  16   213     47   239     78   129     109   203   
17   4  17   238     48   48     79   115     110   151   
18   4  18   82     49   105     80   65     111   220   
19   4  19   7     50   23     81   142     112   3   
20   4  20   70     51   118     82   111     113   19   
21   4  21   78     52   148     83   122     114   253   
22   4  22   154     53   110     84   237     115   193   
23   4  23   38     54   54     85   162     116   17   
24   4  24   143     55   52     86   44     117   31   
25   4  25   82     56   245     87   115     118   237   
26   4  26   102     57   14     88   55     119   22   
27   4  27   84     58   77     89   147     120   171   
28   4  28   6     59   231     90   104     121   33   
29   4  29   93     60   6     91   183     122   196   
30   4  30   52     61   58     92   119     123   20   
31   4  0   49     61   227     91   54     121   145   
32   4  1   250     31   106     92   243     122   248   
33   4  2   104     32   143     62   125     123   49   
34   4  3   97     33   119     63   111     93   113   
35   4  4   246     34   247     64   33     94   31   
36   4  5   172     35   217     65   25     95   11   
37   4  6   10     36   29     66   85     96   241   
38   4  7   148     37   139     67   134     97   93   
39   4  8   254     38   248     68   159     98   133   
40   4  9   160     39   33     69   124     99   152   
41   4  10   215     40   83     70   157     100   38   
42   4  11   97     41   22     71   65     101   54   
43   4  12   246     42   248     72   114     102   8   
44   4  13   157     43   227     73   182     103   74   
45   4  14   187     44   111     74   32     104   82   
46   4  15   122     45   145     75   68     105   42   
47   4  16   187     46   35     76   114     106   6   
48   4  17   107     47   5     77   174     107   115   
49   4  18   18     48   97     78   38     108   96   
50   4  19   142     49   51     79   127     109   149   
51   4  20   75     50   129     80   33     110   230   
52   4  21   66     51   162     81   33     111   41   
53   4  22   77     52   83     82   101     112   231   
54   4  23   157     53   35     83   193     113   236   
55   4  24   188     54   101     84   134     114   103   
56   4  25   187     55   174     85   228     115   173   
57   4  26   200     56   249     86   208     116   126   
58   4  27   240     57   97     87   19     117   21   
59   4  28   16     58   198     88   36     118   28   
60   4  29   53     59   32     89   223     119   177   
61   4  30   39     60   25     90   66     120   135   
*****1's_location/per_col****
0   63  0   1     62   18     63   188     64   253     65   227     66   247     67   253     68   48     69   148     70   1     71   240     72   143     73   91     74   135     75   97     76   109     77   97     78   98     79   122     80   100     81   135     82   79     83   235     84   149     85   121     86   228     87   19     88   233     89   236     90   215     91   31     92   40     93   89     94   9     95   56     96   95     97   116     98   198     99   205     100   116     101   58     102   4     103   86     104   147     105   84     106   63     107   184     108   218     109   79     110   100     111   4     112   206     113   234     114   80     115   214     116   163     117   110     118   3     119   46     120   135     121   133     122   192     123   84   
1   63  1   1     62   119     63   206     64   59     65   195     66   152     67   59     68   47     69   120     70   106     71   147     72   95     73   184     74   40     75   52     76   246     77   52     78   138     79   19     80   235     81   40     82   227     83   180     84   18     85   173     86   200     87   80     88   96     89   191     90   89     91   146     92   76     93   113     94   29     95   88     96   13     97   5     98   221     99   20     100   5     101   140     102   181     103   16     104   115     105   196     106   83     107   123     108   241     109   227     110   235     111   181     112   170     113   222     114   113     115   51     116   92     117   72     118   190     119   215     120   40     121   252     122   112     123   196   
2   63  2   1     62   164     63   219     64   186     65   146     66   162     67   186     68   64     69   38     70   247     71   93     72   2     73   47     74   233     75   119     76   103     77   119     78   115     79   83     80   123     81   233     82   31     83   121     84   209     85   87     86   109     87   207     88   138     89   134     90   41     91   223     92   81     93   192     94   24     95   171     96   212     97   176     98   21     99   250     100   176     101   88     102   251     103   200     104   217     105   59     106   84     107   189     108   206     109   31     110   123     111   251     112   254     113   142     114   192     115   222     116   153     117   99     118   4     119   104     120   233     121   26     122   66     123   178   
3   63  3   1     62   147     63   69     64   105     65   197     66   75     67   12     68   245     69   44     70   112     71   6     72   72     73   53     74   239     75   135     76   253     77   135     78   23     79   227     80   42     81   239     82   187     83   98     84   92     85   115     86   136     87   195     88   130     89   47     90   237     91   185     92   171     93   26     94   71     95   195     96   232     97   121     98   206     99   249     100   121     101   178     102   221     103   63     104   97     105   223     106   31     107   240     108   231     109   187     110   42     111   221     112   105     113   18     114   2     115   157     116   148     117   109     118   144     119   60     120   239     121   15     122   189     123   49   
4   63  4   1     62   20     63   57     64   99     65   11     66   129     67   239     68   198     69   246     70   169     71   249     72   115     73   144     74   82     75   56     76   135     77   56     78   222     79   189     80   15     81   82     82   76     83   124     84   95     85   91     86   37     87   164     88   51     89   4     90   5     91   27     92   206     93   148     94   10     95   164     96   67     97   77     98   238     99   41     100   77     101   168     102   158     103   134     104   142     105   201     106   159     107   205     108   19     109   76     110   15     111   158     112   207     113   213     114   87     115   172     116   72     117   97     118   230     119   116     120   82     121   29     122   181     123   62   
5   63  5   1     62   157     63   218     64   84     65   22     66   178     67   100     68   168     69   146     70   124     71   50     72   66     73   166     74   133     75   49     76   27     77   49     78   181     79   225     80   160     81   133     82   216     83   226     84   238     85   101     86   76     87   23     88   26     89   139     90   96     91   61     92   163     93   45     94   192     95   58     96   120     97   84     98   143     99   204     100   51     101   151     102   237     103   240     104   251     105   8     106   6     107   131     108   54     109   216     110   160     111   237     112   72     113   158     114   229     115   28     116   83     117   159     118   132     119   233     120   133     121   125     122   234     123   113   
6   63  6   1     62   169     63   139     64   207     65   127     66   84     67   215     68   131     69   2     70   43     71   181     72   176     73   160     74   245     75   48     76   217     77   48     78   77     79   130     80   183     81   245     82   134     83   7     84   41     85   255     86   147     87   247     88   81     89   214     90   109     91   30     92   50     93   118     94   218     95   129     96   244     97   207     98   166     99   244     100   61     101   144     102   172     103   98     104   211     105   52     106   23     107   226     108   175     109   134     110   183     111   172     112   137     113   44     114   152     115   70     116   80     117   164     118   125     119   182     120   245     121   163     122   51     123   141   
7   63  7   1     62   252     63   38     64   143     65   59     66   227     67   143     68   140     69   78     70   216     71   15     72   180     73   254     74   58     75   222     76   23     77   222     78   171     79   36     80   65     81   58     82   184     83   245     84   150     85   81     86   73     87   116     88   88     89   199     90   63     91   189     92   144     93   57     94   126     95   77     96   29     97   162     98   44     99   132     100   64     101   32     102   71     103   239     104   124     105   66     106   191     107   133     108   46     109   184     110   65     111   71     112   104     113   45     114   5     115   231     116   127     117   98     118   117     119   102     120   58     121   151     122   183     123   244   
8   63  8   1     62   106     63   42     64   170     65   131     66   70     67   170     68   17     69   235     70   197     71   112     72   41     73   239     74   79     75   87     76   2     77   87     78   5     79   175     80   161     81   79     82   16     83   136     84   20     85   253     86   143     87   158     88   31     89   233     90   148     91   203     92   134     93   6     94   53     95   152     96   169     97   231     98   235     99   205     100   5     101   184     102   51     103   127     104   176     105   232     106   78     107   1     108   4     109   16     110   161     111   51     112   251     113   77     114   219     115   81     116   249     117   80     118   82     119   71     120   79     121   216     122   96     123   68   
9   63  9   1     62   79     63   11     64   131     65   254     66   168     67   131     68   200     69   167     70   47     71   119     72   125     73   93     74   247     75   96     76   175     77   96     78   154     79   25     80   115     81   247     82   17     83   14     84   82     85   227     86   59     87   243     88   162     89   177     90   218     91   60     92   100     93   236     94   169     95   31     96   245     97   219     98   30     99   75     100   154     101   124     102   69     103   196     104   187     105   104     106   46     107   217     108   67     109   17     110   115     111   69     112   15     113   88     114   45     115   140     116   160     117   85     118   250     119   113     120   247     121   91     122   102     123   7   
10   63  10   1     62   193     63   41     64   228     65   173     66   40     67   228     68   26     69   62     70   30     71   59     72   73     73   172     74   21     75   50     76   64     77   50     78   160     79   68     80   153     81   21     82   58     83   208     84   186     85   214     86   48     87   42     88   199     89   108     90   119     91   88     92   13     93   192     94   238     95   234     96   132     97   177     98   44     99   254     100   177     101   143     102   158     103   91     104   131     105   76     106   53     107   32     108   128     109   58     110   153     111   46     112   22     113   85     114   98     115   242     116   86     117   210     118   146     119   8     120   21     121   2     122   156     123   104   
11   63  11   1     62   45     63   59     64   23     65   36     66   6     67   23     68   120     69   127     70   140     71   133     72   170     73   25     74   62     75   126     76   251     77   126     78   24     79   15     80   212     81   62     82   139     83   231     84   96     85   105     86   4     87   124     88   163     89   9     90   76     91   249     92   60     93   16     94   152     95   108     96   31     97   210     98   242     99   111     100   210     101   105     102   103     103   154     104   172     105   250     106   205     107   243     108   235     109   139     110   212     111   136     112   121     113   197     114   114     115   110     116   130     117   157     118   102     119   245     120   62     121   122     122   29     123   253   
12   63  12   1     62   36     63   101     64   231     65   219     66   243     67   231     68   96     69   53     70   2     71   253     72   3     73   250     74   97     75   147     76   110     77   147     78   235     79   12     80   27     81   97     82   87     83   39     84   139     85   116     86   162     87   194     88   119     89   255     90   9     91   63     92   48     93   178     94   18     95   112     96   190     97   232     98   145     99   135     100   232     101   116     102   8     103   67     104   38     105   200     106   86     107   55     108   220     109   87     110   27     111   160     112   198     113   15     114   104     115   33     116   168     117   22     118   120     119   196     120   97     121   49     122   239     123   157   
13   63  13   1     62   38     63   237     64   102     65   138     66   201     67   102     68   15     69   107     70   159     71   51     72   94     73   33     74   67     75   198     76   245     77   198     78   3     79   101     80   148     81   206     82   251     83   120     84   12     85   160     86   142     87   129     88   254     89   172     90   135     91   178     92   137     93   2     94   19     95   131     96   103     97   93     98   89     99   105     100   93     101   160     102   70     103   116     104   185     105   204     106   58     107   244     108   247     109   251     110   148     111   17     112   162     113   59     114   73     115   196     116   87     117   48     118   197     119   61     120   206     121   72     122   32     123   60   
14   63  14   1     62   12     63   23     64   33     65   251     66   156     67   33     68   127     69   217     70   105     71   158     72   211     73   85     74   188     75   192     76   125     77   227     78   74     79   107     80   5     81   197     82   207     83   223     84   53     85   194     86   232     87   151     88   17     89   247     90   3     91   9     92   177     93   135     94   6     95   16     96   236     97   153     98   138     99   94     100   153     101   194     102   185     103   234     104   219     105   66     106   50     107   176     108   250     109   207     110   5     111   129     112   69     113   184     114   198     115   100     116   56     117   212     118   169     119   44     120   197     121   11     122   152     123   225   
15   63  15   1     62   69     63   153     64   60     65   246     66   122     67   60     68   6     69   156     70   173     71   30     72   117     73   225     74   116     75   161     76   228     77   124     78   245     79   201     80   250     81   222     82   55     83   48     84   243     85   64     86   167     87   161     88   53     89   179     90   86     91   191     92   3     93   166     94   172     95   7     96   111     97   128     98   209     99   58     100   128     101   64     102   142     103   195     104   248     105   132     106   109     107   235     108   196     109   55     110   250     111   10     112   230     113   188     114   136     115   218     116   132     117   235     118   137     119   75     120   222     121   219     122   178     123   24   
16   63  16   1     62   172     63   194     64   30     65   123     66   61     67   30     68   3     69   78     70   216     71   15     72   180     73   254     74   58     75   222     76   23     77   217     78   244     79   234     80   125     81   111     82   149     83   24     84   247     85   32     86   221     87   222     88   148     89   215     90   43     91   209     92   143     93   83     94   86     95   141     96   185     97   64     98   230     99   29     100   64     101   32     102   71     103   239     104   124     105   66     106   191     107   251     108   250     109   149     110   125     111   5     112   115     113   94     114   68     115   109     116   66     117   251     118   202     119   171     120   111     121   227     122   89     123   12   
17   63  17   1     62   133     63   244     64   22     65   253     66   79     67   22     68   165     69   141     70   115     71   11     72   196     73   216     74   123     75   36     76   74     77   36     78   230     79   55     80   170     81   18     82   91     83   65     84   132     85   252     86   129     87   36     88   56     89   120     90   102     91   47     92   220     93   62     94   204     95   26     96   9     97   229     98   153     99   179     100   229     101   252     102   209     103   197     104   201     105   35     106   94     107   37     108   73     109   235     110   170     111   242     112   194     113   243     114   116     115   212     116   35     117   42     118   203     119   177     120   18     121   107     122   199     123   174   
18   63  18   1     62   44     63   127     64   217     65   130     66   27     67   217     68   193     69   80     70   76     71   226     72   106     73   208     74   48     75   211     76   164     77   211     78   7     79   37     80   29     81   231     82   221     83   70     84   173     85   3     86   18     87   211     88   105     89   174     90   11     91   49     92   238     93   72     94   22     95   155     96   253     97   6     98   150     99   24     100   6     101   3     102   45     103   235     104   169     105   115     106   98     107   82     108   85     109   91     110   159     111   94     112   75     113   223     114   236     115   146     116   115     117   142     118   182     119   7     120   231     121   200     122   244     123   35   
19   63  19   1     62   56     63   70     64   186     65   146     66   162     67   186     68   64     69   38     70   247     71   93     72   2     73   47     74   233     75   119     76   103     77   119     78   115     79   83     80   2     81   181     82   145     83   58     84   242     85   88     86   55     87   119     88   90     89   170     90   14     91   42     92   32     93   220     94   28     95   171     96   212     97   176     98   21     99   250     100   176     101   88     102   251     103   200     104   217     105   59     106   84     107   189     108   206     109   31     110   128     111   193     112   132     113   10     114   187     115   62     116   59     117   239     118   80     119   115     120   181     121   213     122   65     123   29   
20   63  20   1     62   224     63   5     64   210     65   114     66   178     67   210     68   29     69   152     70   251     71   105     72   8     73   188     74   131     75   193     76   129     77   193     78   209     79   81     80   241     81   135     82   126     83   232     84   239     85   125     86   220     87   193     88   117     89   146     90   56     91   168     92   128     93   87     94   112     95   150     96   119     97   250     98   84     99   207     100   250     101   125     102   203     103   7     104   67     105   236     106   77     107   206     108   31     109   124     110   241     111   35     112   65     113   40     114   214     115   248     116   236     117   155     118   93     119   209     120   238     121   115     122   25     123   116   
21   63  21   1     62   28     63   35     64   93     65   73     66   81     67   93     68   32     69   19     70   245     71   160     72   1     73   153     74   250     75   181     76   189     77   181     78   183     79   167     80   179     81   250     82   178     83   29     84   121     85   44     86   149     87   181     88   45     89   85     90   7     91   21     92   16     93   110     94   14     95   219     96   106     97   88     98   132     99   125     100   88     101   44     102   243     103   100     104   226     105   147     106   42     107   208     108   103     109   129     110   179     111   243     112   165     113   46     114   211     115   31     116   147     117   249     118   40     119   183     120   212     121   228     122   174     123   128   
22   63  22   1     62   4     63   13     64   31     65   162     66   116     67   31     68   222     69   188     70   39     71   129     72   186     73   51     74   159     75   134     76   63     77   134     78   239     79   128     80   61     81   159     82   229     83   19     84   19     85   181     86   88     87   134     88   15     89   166     90   1     91   7     92   111     93   125     94   2     95   251     96   175     97   119     98   141     99   193     100   119     101   181     102   156     103   173     104   73     105   227     106   14     107   145     108   126     109   229     110   61     111   156     112   168     113   220     114   202     115   215     116   227     117   76     118   103     119   239     120   67     121   242     122   131     123   95   
23   63  23   1     62   247     63   240     64   254     65   149     66   44     67   254     68   74     69   159     70   29     71   127     72   157     73   17     74   117     75   137     76   21     77   137     78   174     79   139     80   224     81   117     82   168     83   125     84   194     85   152     86   195     87   137     88   5     89   98     90   244     91   246     92   37     93   43     94   245     95   162     96   101     97   45     98   123     99   180     100   45     101   152     102   116     103   144     104   204     105   170     106   241     107   132     108   42     109   168     110   224     111   116     112   147     113   96     114   70     115   90     116   170     117   207     118   214     119   174     120   202     121   165     122   138     123   53   
24   63  24   1     62   142     63   34     64   103     65   83     66   128     67   103     68   210     69   153     70   96     71   189     72   80     73   236     74   119     75   217     76   99     77   217     78   121     79   16     80   36     81   119     82   63     83   116     84   249     85   246     86   11     87   217     88   101     89   221     90   173     91   100     92   105     93   44     94   71     95   245     96   113     97   106     98   50     99   181     100   106     101   53     102   157     103   54     104   164     105   246     106   200     107   191     108   198     109   63     110   36     111   157     112   21     113   20     114   107     115   212     116   158     117   135     118   104     119   121     120   226     121   89     122   250     123   111   
25   63  25   1     62   143     63   102     64   169     65   245     66   157     67   169     68   107     69   182     70   160     71   218     72   240     73   41     74   153     75   118     76   165     77   118     78   139     79   48     80   108     81   153     82   65     83   156     84   22     85   205     86   69     87   118     88   175     89   122     90   234     91   172     92   187     93   116     94   201     95   2     96   147     97   190     98   86     99   194     100   190     101   95     102   186     103   90     104   241     105   7     106   69     107   220     108   87     109   65     110   108     111   186     112   63     113   60     114   189     115   132     116   191     117   170     118   184     119   139     120   59     121   235     122   19     123   177   
26   63  26   1     62   249     63   111     64   94     65   63     66   138     67   94     68   90     69   24     70   233     71   47     72   19     73   211     74   8     75   93     76   197     77   93     78   123     79   86     80   55     81   8     82   102     83   36     84   241     85   112     86   154     87   101     88   157     89   198     90   121     91   114     92   45     93   28     94   242     95   65     96   80     97   1     98   57     99   4     100   1     101   142     102   131     103   162     104   189     105   109     106   228     107   236     108   151     109   102     110   55     111   131     112   34     113   205     114   238     115   15     116   231     117   177     118   177     119   123     120   160     121   215     122   221     123   117   
27   63  27   1     62   133     63   244     64   22     65   253     66   79     67   22     68   165     69   141     70   115     71   11     72   196     73   216     74   123     75   36     76   74     77   36     78   177     79   109     80   134     81   123     82   106     83   66     84   254     85   248     86   185     87   246     88   5     89   120     90   102     91   47     92   220     93   62     94   204     95   26     96   9     97   229     98   153     99   179     100   229     101   252     102   209     103   197     104   201     105   35     106   94     107   37     108   148     109   106     110   134     111   209     112   38     113   49     114   242     115   250     116   108     117   223     118   1     119   189     120   18     121   107     122   199     123   174   
28   63  28   1     62   192     63   109     64   42     65   11     66   53     67   42     68   163     69   17     70   222     71   21     72   177     73   57     74   15     75   133     76   100     77   133     78   250     79   37     80   4     81   15     82   7     83   181     84   207     85   90     86   43     87   30     88   20     89   17     90   48     91   144     92   223     93   152     94   96     95   29     96   102     97   101     98   72     99   137     100   101     101   188     102   95     103   6     104   49     105   167     106   61     107   50     108   200     109   7     110   4     111   95     112   246     113   107     114   248     115   41     116   146     117   27     118   127     119   205     120   213     121   176     122   117     123   182   
29   63  29   1     62   141     63   238     64   40     65   164     66   167     67   40     68   4     69   232     70   61     71   20     72   173     73   190     74   88     75   53     76   52     77   53     78   114     79   112     80   252     81   88     82   189     83   81     84   213     85   55     86   23     87   176     88   43     89   226     90   231     91   33     92   2     93   196     94   200     95   241     96   74     97   11     98   158     99   44     100   11     101   139     102   244     103   130     104   91     105   248     106   66     107   26     108   104     109   189     110   252     111   244     112   107     113   108     114   12     115   105     116   95     117   115     118   71     119   136     120   153     121   91     122   220     123   16   
30   63  30   1     62   184     63   251     64   125     65   107     66   132     67   125     68   130     69   56     70   99     71   176     72   220     73   1     74   227     75   122     76   212     77   122     78   223     79   158     80   136     81   227     82   238     83   84     84   91     85   59     86   95     87   219     88   146     89   96     90   120     91   128     92   65     93   199     94   92     95   189     96   144     97   246     98   101     99   255     100   246     101   123     102   145     103   204     104   12     105   10     106   137     107   106     108   181     109   238     110   136     111   145     112   90     113   55     114   155     115   27     116   142     117   113     118   165     119   148     120   227     121   12     122   50     123   50   
31   63  31   1     62   131     63   185     64   47     65   145     66   69     67   47     68   45     69   12     70   250     71   153     72   135     73   231     74   4     75   160     76   236     77   160     78   179     79   43     80   149     81   4     82   51     83   18     84   246     85   56     86   77     87   8     88   251     89   206     90   115     91   68     92   181     93   119     94   121     95   174     96   40     97   142     98   146     99   2     100   142     101   71     102   207     103   81     104   208     105   184     106   114     107   118     108   197     109   51     110   149     111   207     112   17     113   232     114   119     115   137     116   253     117   255     118   19     119   147     120   4     121   237     122   180     123   184   
32   63  32   1     62   161     63   32     64   132     65   203     66   74     67   132     68   225     69   67     70   185     71   66     72   107     73   73     74   202     75   102     76   25     77   102     78   176     79   78     80   1     81   202     82   200     83   106     84   250     85   152     86   195     87   137     88   5     89   98     90   244     91   246     92   37     93   62     94   206     95   64     96   151     97   94     98   18     99   101     100   94     101   47     102   222     103   143     104   75     105   224     106   72     107   130     108   50     109   200     110   1     111   222     112   179     113   211     114   62     115   77     116   170     117   207     118   214     119   174     120   202     121   165     122   138     123   224   
33   63  33   1     62   42     63   215     64   231     65   154     66   112     67   5     68   142     69   29     70   36     71   140     72   54     73   222     74   11     75   37     76   136     77   37     78   73     79   14     80   145     81   11     82   52     83   167     84   57     85   98     86   102     87   22     88   239     89   91     90   132     91   187     92   56     93   143     94   117     95   22     96   78     97   235     98   218     99   139     100   235     101   251     102   144     103   87     104   225     105   31     106   79     107   68     108   13     109   52     110   145     111   144     112   231     113   131     114   143     115   160     116   111     117   228     118   108     119   17     120   11     121   67     122   184     123   221   
34   63  34   1     62   27     63   226     64   220     65   75     66   40     67   228     68   26     69   62     70   30     71   114     72   17     73   252     74   225     75   42     76   162     77   42     78   8     79   5     80   76     81   225     82   121     83   93     84   32     85   39     86   247     87   223     88   97     89   7     90   207     91   87     92   20     93   251     94   204     95   223     96   53     97   177     98   44     99   254     100   177     101   214     102   120     103   106     104   100     105   86     106   176     107   81     108   89     109   121     110   76     111   120     112   220     113   67     114   46     115   209     116   126     117   128     118   34     119   83     120   225     121   221     122   11     123   160   
35   63  35   1     62   228     63   8     64   205     65   127     66   253     67   95     68   135     69   234     70   22     71   161     72   29     73   30     74   173     75   5     76   237     77   5     78   63     79   242     80   75     81   173     82   59     83   86     84   252     85   200     86   132     87   71     88   122     89   52     90   57     91   175     92   239     93   42     94   114     95   71     96   112     97   205     98   82     99   216     100   54     101   27     102   88     103   224     104   136     105   204     106   85     107   248     108   199     109   59     110   75     111   88     112   226     113   64     114   148     115   47     116   15     117   215     118   58     119   62     120   173     121   129     122   154     123   43   
36   63  36   1     62   171     63   3     64   78     65   46     66   68     67   242     68   156     69   238     70   64     71   214     72   96     73   67     74   90     75   101     76   66     77   101     78   165     79   235     80   56     81   90     82   42     83   88     84   174     85   43     86   191     87   180     88   216     89   133     90   227     91   147     92   139     93   198     94   219     95   114     96   18     97   78     98   108     99   45     100   76     101   38     102   29     103   36     104   51     105   164     106   123     107   33     108   132     109   42     110   56     111   29     112   237     113   24     114   185     115   163     116   175     117   130     118   192     119   79     120   90     121   218     122   252     123   44   
37   63  37   1     62   18     63   188     64   253     65   227     66   247     67   16     68   26     69   223     70   20     71   92     72   30     73   168     74   190     75   199     76   55     77   199     78   251     79   6     80   131     81   190     82   165     83   157     84   203     85   58     86   81     87   97     88   181     89   241     90   138     91   145     92   24     93   89     94   9     95   56     96   95     97   253     98   212     99   200     100   222     101   111     102   80     103   76     104   179     105   100     106   43     107   149     108   110     109   165     110   131     111   80     112   99     113   137     114   52     115   158     116   84     117   11     118   60     119   98     120   190     121   150     122   249     123   192   
38   63  38   1     62   205     63   62     64   197     65   86     66   180     67   197     68   82     69   166     70   226     71   241     72   147     73   220     74   208     75   209     76   61     77   209     78   234     79   47     80   156     81   208     82   245     83   15     84   143     85   20     86   216     87   189     88   214     89   155     90   116     91   81     92   188     93   71     94   232     95   250     96   104     97   40     98   107     99   22     100   234     101   13     102   175     103   210     104   249     105   11     106   64     107   144     108   122     109   245     110   156     111   175     112   83     113   237     114   164     115   150     116   110     117   6     118   59     119   36     120   208     121   9     122   4     123   137   
39   63  39   1     62   40     63   114     64   198     65   32     66   111     67   198     68   31     69   27     70   88     71   239     72   230     73   61     74   164     75   112     76   19     77   112     78   161     79   103     80   30     81   164     82   152     83   248     84   190     85   182     86   74     87   85     88   102     89   8     90   10     91   54     92   129     93   53     94   20     95   96     96   82     97   113     98   27     99   3     100   161     101   157     102   33     103   17     104   1     105   143     106   35     107   135     108   38     109   152     110   30     111   33     112   131     113   183     114   174     115   69     116   144     117   194     118   209     119   232     120   164     121   58     122   119     123   124   
40   63  40   1     62   58     63   206     64   59     65   195     66   152     67   59     68   47     69   120     70   141     71   107     72   248     73   149     74   26     75   183     76   36     77   183     78   90     79   97     80   157     81   26     82   61     83   101     84   117     85   140     86   27     87   52     88   211     89   249     90   128     91   167     92   153     93   108     94   29     95   88     96   13     97   5     98   221     99   20     100   90     101   125     102   34     103   93     104   178     105   235     106   8     107   18     108   72     109   61     110   157     111   113     112   224     113   62     114   154     115   219     116   196     117   201     118   237     119   138     120   26     121   172     122   142     123   188   
41   63  41   1     62   17     63   112     64   178     65   20     66   208     67   178     68   230     69   229     70   92     71   255     72   243     73   180     74   200     75   54     76   111     77   54     78   103     79   213     80   197     81   200     82   95     83   99     84   129     85   132     86   107     87   141     88   246     89   5     90   67     91   212     92   115     93   177     94   134     95   60     96   100     97   21     98   106     99   84     100   21     101   240     102   130     103   61     104   35     105   188     106   113     107   185     108   222     109   95     110   197     111   55     112   53     113   167     114   139     115   135     116   90     117   62     118   81     119   105     120   200     121   93     122   223     123   191   
42   63  42   1     62   12     63   23     64   33     65   251     66   156     67   33     68   127     69   217     70   105     71   158     72   230     73   159     74   197     75   227     76   125     77   227     78   74     79   107     80   5     81   197     82   207     83   223     84   53     85   194     86   232     87   151     88   17     89   247     90   3     91   9     92   177     93   135     94   6     95   16     96   236     97   153     98   138     99   94     100   153     101   194     102   147     103   114     104   101     105   71     106   117     107   176     108   250     109   207     110   5     111   129     112   69     113   184     114   198     115   100     116   56     117   212     118   169     119   44     120   197     121   11     122   152     123   225   
43   63  43   1     62   102     63   61     64   139     65   120     66   218     67   139     68   110     69   100     70   213     71   203     72   49     73   77     74   162     75   180     76   127     77   180     78   79     79   196     80   164     81   138     82   223     83   87     84   33     85   63     86   103     87   9     88   14     89   30     90   151     91   194     92   55     93   129     94   51     95   136     96   69     97   126     98   97     99   229     100   126     101   63     102   115     103   142     104   179     105   11     106   59     107   177     108   254     109   223     110   164     111   178     112   190     113   245     114   29     115   53     116   193     117   132     118   251     119   107     120   138     121   211     122   248     123   165   
44   63  44   1     62   140     63   170     64   230     65   2     66   186     67   230     68   189     69   199     70   253     71   115     72   13     73   123     74   184     75   40     76   116     77   7     78   210     79   52     80   101     81   77     82   135     83   129     84   111     85   225     86   39     87   154     88   236     89   142     90   35     91   233     92   208     93   156     94   70     95   6     96   168     97   223     98   250     99   91     100   223     101   225     102   211     103   238     104   113     105   209     106   195     107   58     108   232     109   135     110   101     111   218     112   125     113   57     114   110     115   155     116   9     117   161     118   213     119   128     120   77     121   32     122   53     123   206   
45   63  45   1     62   96     63   184     64   21     65   139     66   148     67   21     68   223     69   134     70   111     71   132     72   214     73   146     74   137     75   78     76   172     77   75     78   106     79   127     80   40     81   102     82   54     83   182     84   181     85   94     86   19     87   204     88   136     89   235     90   24     91   72     92   225     93   76     94   48     95   128     96   51     97   188     98   36     99   202     100   188     101   94     102   161     103   3     104   150     105   42     106   141     107   238     108   131     109   54     110   40     111   124     112   18     113   169     114   126     115   7     116   221     117   238     118   33     119   125     120   102     121   88     122   180     123   91   
46   63  46   1     62   2     63   136     64   129     65   81     66   58     67   129     68   111     69   94     70   157     71   206     72   93     73   151     74   193     75   67     76   65     77   184     78   232     79   105     80   143     81   175     82   172     83   95     84   135     85   212     86   44     87   67     88   137     89   83     90   142     91   141     92   185     93   176     94   1     95   243     96   217     97   181     98   200     99   238     100   181     101   212     102   78     103   216     104   170     105   255     106   252     107   38     108   3     109   172     110   143     111   177     112   100     113   52     114   33     115   229     116   255     117   38     118   189     119   249     120   175     121   121     122   207     123   161   
47   63  47   1     62   191     63   58     64   45     65   62     66   215     67   45     68   138     69   245     70   25     71   152     72   155     73   96     74   83     75   16     76   188     77   148     78   50     79   86     80   55     81   8     82   102     83   36     84   241     85   112     86   154     87   16     88   235     89   129     90   230     91   136     92   69     93   82     94   209     95   66     96   4     97   224     98   68     99   167     100   224     101   112     102   100     103   213     104   186     105   231     106   13     107   227     108   110     109   19     110   55     111   131     112   34     113   205     114   238     115   15     116   231     117   227     118   38     119   59     120   8     121   199     122   73     123   18   
48   63  48   1     62   84     63   233     64   142     65   226     66   170     67   142     68   224     69   121     70   241     71   71     72   7     73   232     74   220     75   44     76   20     77   44     78   255     79   50     80   63     81   22     82   104     83   83     84   114     85   196     86   204     87   44     88   195     89   182     90   21     91   107     92   112     93   23     94   42     95   59     96   11     97   149     98   187     99   110     100   149     101   196     102   227     103   33     104   148     105   222     106   214     107   10     108   126     109   108     110   221     111   61     112   211     113   27     114   3     115   93     116   222     117   213     118   216     119   34     120   22     121   134     122   109     123   167   
49   63  49   1     62   15     63   219     64   110     65   12     66   187     67   110     68   169     69   168     70   52     71   55     72   46     73   7     74   147     75   123     76   22     77   123     78   39     79   102     80   46     81   179     82   53     83   33     84   127     85   124     86   210     87   123     88   82     89   3     90   202     91   76     92   218     93   111     94   137     95   20     96   215     97   248     98   38     99   199     100   248     101   124     102   208     103   94     104   36     105   54     106   152     107   11     108   44     109   98     110   79     111   241     112   19     113   150     114   121     115   125     116   54     117   225     118   196     119   39     120   179     121   192     122   190     123   158   
50   63  50   1     62   38     63   237     64   102     65   138     66   201     67   102     68   15     69   107     70   159     71   51     72   94     73   33     74   210     75   129     76   75     77   129     78   61     79   180     80   94     81   253     82   251     83   120     84   12     85   160     86   142     87   129     88   254     89   172     90   135     91   178     92   137     93   2     94   19     95   131     96   103     97   93     98   89     99   105     100   93     101   160     102   70     103   116     104   145     105   87     106   121     107   171     108   150     109   98     110   30     111   62     112   8     113   59     114   73     115   196     116   87     117   48     118   197     119   61     120   206     121   72     122   32     123   60   
51   63  51   1     62   46     63   247     64   88     65   211     66   33     67   88     68   174     69   14     70   209     71   44     72   55     73   71     74   241     75   144     76   53     77   144     78   254     79   169     80   34     81   100     82   21     83   25     84   42     85   215     86   62     87   144     88   224     89   253     90   133     91   188     92   87     93   248     94   23     95   104     96   36     97   179     98   94     99   246     100   179     101   215     102   99     103   51     104   3     105   140     106   101     107   148     108   106     109   181     110   34     111   122     112   199     113   185     114   205     115   119     116   140     117   168     118   11     119   254     120   72     121   177     122   59     123   130   
52   63  52   1     62   200     63   119     64   20     65   82     66   221     67   20     68   2     69   116     70   144     71   10     72   216     73   95     74   44     75   148     76   26     77   148     78   57     79   56     80   126     81   44     82   166     83   81     84   81     85   203     86   150     87   148     88   19     89   154     90   50     91   158     92   1     93   98     94   100     95   246     96   37     97   139     98   79     99   22     100   139     101   203     102   122     103   65     104   163     105   124     106   33     107   13     108   52     109   208     110   126     111   122     112   149     113   102     114   205     115   189     116   124     117   89     118   140     119   57     120   74     121   73     122   110     123   8   
53   63  53   1     62   155     63   95     64   202     65   229     66   36     67   202     68   234     69   192     70   27     71   101     72   152     73   214     74   64     75   210     76   102     77   210     78   255     79   138     80   165     81   64     82   23     83   122     84   20     85   4     86   56     87   210     88   156     89   126     90   239     91   183     92   117     93   224     94   195     95   50     96   186     97   8     98   213     99   32     100   8     101   4     102   108     103   121     104   129     105   79     106   115     107   51     108   204     109   23     110   165     111   108     112   13     113   41     114   39     115   16     116   79     117   245     118   94     119   255     120   105     121   246     122   166     123   143   
54   63  54   1     62   71     63   17     64   189     65   167     66   64     67   189     68   105     69   194     70   48     71   208     72   40     73   118     74   181     75   226     76   191     77   226     78   178     79   8     80   18     81   181     82   145     83   58     84   254     85   123     86   139     87   226     88   188     89   224     90   216     91   50     92   186     93   22     94   173     95   244     96   182     97   53     98   25     99   212     100   53     101   148     102   192     103   27     104   82     105   123     106   100     107   209     108   99     109   145     110   18     111   192     112   132     113   10     114   47     115   106     116   79     117   205     118   52     119   178     120   113     121   162     122   125     123   185   
55   63  55   1     62   123     63   90     64   24     65   151     66   150     67   24     68   247     69   88     70   224     71   12     72   144     73   106     74   195     75   19     76   231     77   19     78   46     79   219     80   84     81   195     82   107     83   196     84   184     85   163     86   62     87   19     88   233     89   236     90   215     91   31     92   245     93   183     94   179     95   164     96   205     97   242     98   129     99   239     100   242     101   121     102   167     103   126     104   194     105   163     106   62     107   253     108   211     109   107     110   84     111   167     112   210     113   36     114   4     115   249     116   160     117   238     118   3     119   46     120   135     121   133     122   191     123   251   
56   63  56   1     62   200     63   119     64   20     65   82     66   221     67   20     68   2     69   116     70   144     71   10     72   216     73   95     74   44     75   148     76   26     77   148     78   57     79   56     80   126     81   44     82   208     83   166     84   228     85   149     86   33     87   80     88   19     89   154     90   50     91   158     92   1     93   98     94   100     95   246     96   37     97   139     98   79     99   22     100   139     101   203     102   122     103   65     104   163     105   124     106   33     107   13     108   52     109   208     110   126     111   122     112   187     113   54     114   6     115   186     116   240     117   153     118   153     119   57     120   74     121   73     122   110     123   8   
57   63  57   1     62   21     63   125     64   173     65   182     66   164     67   173     68   56     69   89     70   123     71   216     72   200     73   58     74   55     75   11     76   5     77   11     78   134     79   154     80   129     81   55     82   40     83   73     84   34     85   23     86   202     87   142     88   161     89   163     90   66     91   211     92   28     93   204     94   132     95   199     96   203     97   98     98   231     99   149     100   98     101   49     102   241     103   79     104   37     105   185     106   187     107   140     108   10     109   40     110   129     111   241     112   24     113   50     114   72     115   4     116   29     117   135     118   135     119   236     120   139     121   175     122   92     123   224   
58   63  58   1     62   102     63   61     64   139     65   120     66   218     67   139     68   110     69   100     70   213     71   203     72   49     73   54     74   215     75   9     76   156     77   9     78   107     79   92     80   175     81   215     82   148     83   158     84   177     85   62     86   105     87   179     88   70     89   100     90   151     91   194     92   55     93   129     94   51     95   136     96   69     97   126     98   97     99   229     100   126     101   63     102   115     103   118     104   117     105   193     106   153     107   78     108   37     109   148     110   175     111   115     112   135     113   75     114   178     115   176     116   27     117   254     118   71     119   104     120   173     121   211     122   248     123   165   
59   63  59   1     62   245     63   120     64   127     65   196     66   22     67   127     68   37     69   193     70   128     71   177     72   192     73   134     74   180     75   202     76   132     77   202     78   87     79   203     80   112     81   180     82   84     83   176     84   65     85   86     86   99     87   117     88   173     89   193     90   124     91   123     92   156     93   155     94   244     95   81     96   188     97   152     98   179     99   90     100   152     101   76     102   58     103   72     104   102     105   85     106   246     107   66     108   21     109   84     110   112     111   58     112   199     113   48     114   111     115   91     116   67     117   25     118   157     119   121     120   68     121   102     122   69     123   148   
60   63  60   1     62   144     63   137     64   187     65   75     66   235     67   187     68   157     69   212     70   8     71   211     72   12     73   226     74   76     75   47     76   79     77   47     78   55     79   247     80   7     81   76     82   66     83   11     84   220     85   239     86   115     87   152     88   27     89   51     90   206     91   68     92   192     93   242     94   72     95   221     96   194     97   135     98   126     99   38     100   135     101   205     102   32     103   138     104   236     105   154     106   229     107   169     108   158     109   66     110   7     111   32     112   62     113   3     114   186     115   254     116   113     117   87     118   24     119   109     120   67     121   236     122   78     123   78   
61   63  61   1     62   122     63   30     64   214     65   49     66   139     67   214     68   78     69   119     70   32     71   107     72   48     73   175     74   45     75   188     76   33     77   188     78   220     79   251     80   28     81   45     82   21     83   44     84   87     85   155     86   209     87   90     88   108     89   204     90   255     91   13     92   105     93   239     94   61     95   83     96   47     97   38     98   229     99   152     100   38     101   19     102   128     103   18     104   151     105   82     106   179     107   158     108   66     109   21     110   28     111   128     112   248     113   12     114   210     115   223     116   217     117   65     118   96     119   169     120   45     121   151     122   37     123   82   
