row_number
26
col_number
52
rank
26
ary
512
*****1's_location/per_row****
0   3  13   492     26   478     39   185   
1   3  14   441     27   338     40   300   
2   3  15   190     28   265     41   66   
3   3  16   229     29   464     42   323   
4   3  17   327     30   297     43   47   
5   3  18   199     31   337     44   149   
6   3  19   297     32   495     45   226   
7   3  20   326     33   118     46   509   
8   3  21   154     34   239     47   51   
9   3  22   293     35   173     48   470   
10   3  23   119     36   186     49   54   
11   3  24   48     37   88     50   109   
12   3  25   321     38   306     51   85   
13   4  0   467     23   486     33   278     43   162   
14   4  1   358     24   330     34   224     44   173   
15   4  2   345     25   317     35   417     45   487   
16   4  3   258     13   2     36   171     46   141   
17   4  4   212     14   463     37   510     47   379   
18   4  5   243     15   29     38   130     48   491   
19   4  6   468     16   78     26   46     49   463   
20   4  7   152     17   161     27   28     50   172   
21   4  8   75     18   140     28   36     51   359   
22   4  9   121     19   168     29   375     39   416   
23   4  10   511     20   386     30   55     40   75   
24   4  11   434     21   315     31   188     41   33   
25   4  12   378     22   155     32   306     42   117   
*****1's_location/per_col****
0   5  0   1     33   22     36   135     43   442     49   300   
1   5  1   1     34   177     37   102     44   338     50   344   
2   5  2   1     35   41     38   128     45   486     51   406   
3   5  3   1     26   444     36   268     39   34     46   346   
4   5  4   1     27   184     37   475     40   188     47   48   
5   5  5   1     28   45     38   379     41   394     48   284   
6   5  6   1     26   36     29   451     42   495     49   344   
7   5  7   1     27   170     30   238     43   267     50   122   
8   5  8   1     28   130     31   510     44   273     51   5   
9   5  9   1     29   207     32   187     39   9     45   240   
10   5  10   1     30   300     33   317     40   416     46   462   
11   5  11   1     31   302     34   331     41   47     47   408   
12   5  12   1     32   489     35   286     42   451     48   289   
13   3  13   1     26   272     39   426   
14   3  14   1     27   303     40   180   
15   3  15   1     28   214     41   235   
16   3  16   1     29   271     42   141   
17   3  17   1     30   116     43   203   
18   3  18   1     31   312     44   22   
19   3  19   1     32   220     45   157   
20   3  20   1     33   413     46   312   
21   3  21   1     34   405     47   23   
22   3  22   1     35   258     48   432   
23   3  23   1     36   464     49   175   
24   3  24   1     37   251     50   153   
25   3  25   1     38   411     51   420   
