The following result corresponding the input file : input_file_q_ary_2013.txt
The following result corresponding the SNR point : 2.5 dB.
5  0     11 19   12 80   22 2   35 219   48 141   
3  0     5 9   16 272   29 96   
3  0     2 334   25 60   51 453   
5  0     0 277   23 2   24 11   37 6   49 5   
1  1     4 294   
5  0     6 304   16 74   17 80   30 376   42 8   
5  0     2 300   3 355   13 59   26 348   39 417   
3  0     10 325   21 480   34 39   
8  0     6 72   7 34   8 130   17 424   30 2   31 421   43 18   44 42   
3  2     11 460   12 361   48 64   
5  0     4 175   5 15   15 112   28 8   41 296   
3  0     5 362   16 51   29 10   
10  1     5 507   11 481   12 436   15 296   22 487   23 144   35 369   36 377   41 356   48 136   
3  0     10 359   21 372   34 133   
3  1     8 294   18 311   44 135   
5  0     1 479   2 2   25 32   38 414   51 161   
3  0     2 16   25 177   51 298   
3  0     1 275   25 90   38 287   
3  0     10 44   20 64   46 19   
3  0     4 2   14 261   40 62   
12  0     5 279   6 35   8 441   9 4   16 5   18 78   19 334   29 144   32 50   42 261   44 5   45 150   
5  0     0 265   12 80   23 451   36 282   49 67   
6  0     1 377   10 32   21 334   25 133   34 36   38 458   
6  0     0 346   22 432   23 4   36 2   48 1   49 169   
3  0     9 369   19 346   45 96   
5  0     11 473   12 34   22 508   35 128   48 21   
3  0     12 24   22 11   48 309   
4  0     11 75   12 80   35 307   48 141   
9  2     0 12   1 8   12 407   23 4   25 292   36 4   38 260   49 9   50 43   
10  1     1 266   12 208   23 128   24 490   25 128   36 411   37 16   38 209   49 432   50 351   
5  0     0 454   23 8   24 8   37 450   49 20   
3  0     1 121   25 2   38 11   
3  0     1 278   25 12   38 58   
4  0     18 168   19 506   32 411   44 368   
10  1     4 66   5 41   6 506   15 368   16 282   17 160   28 448   30 225   41 2   42 2   
3  0     4 128   14 369   40 503   
3  0     11 405   21 482   47 64   
4  0     20 362   21 168   34 360   46 427   
3  0     3 288   14 420   27 64   
3  0     0 5   23 267   49 394   
5  0     1 144   2 3   25 474   38 469   51 505   
3  0     4 16   15 210   28 320   
3  0     0 171   23 32   49 80   
5  0     7 401   17 406   18 451   31 344   43 2   
9  0     10 48   12 506   21 50   23 66   34 54   35 64   36 51   47 67   48 348   
8  1     8 285   11 301   18 295   21 72   22 504   35 48   44 216   47 310   
5  0     10 502   11 94   21 10   34 68   47 2   
3  0     6 209   17 293   30 130   
3  0     4 4   15 316   28 80   
10  0     9 4   10 32   11 35   20 488   22 426   33 144   34 457   35 17   46 411   47 80   
5  0     2 136   13 305   25 326   26 282   51 8   
8  0     6 234   11 269   16 7   21 146   22 168   35 16   42 275   47 80   
4  0     18 34   19 410   32 52   44 379   
3  0     10 3   20 450   46 72   
5  0     8 260   9 162   19 382   32 2   45 128   
8  0     3 355   5 92   13 294   14 18   15 1   27 484   39 325   41 466   
The following result corresponding the input file : input_file_q_ary_2013.txt
The following result corresponding the SNR point : 2.5 dB.
8  0     6 148   9 477   12 314   16 16   26 372   29 10   39 300   42 417   
7  1     6 4   9 395   16 236   19 171   29 274   32 64   42 32   
5  1     0 13   3 493   23 371   36 4   46 3   
9  0     1 72   4 389   7 16   10 21   14 501   27 374   34 482   40 329   47 67   
4  0     2 351   5 257   25 34   38 187   
5  0     3 440   13 154   26 112   36 48   49 351   
4  0     1 474   8 72   18 34   44 379   
The following result corresponding the input file : input_file_q_ary_2013.txt
The following result corresponding the SNR point : 2.5 dB.
13  12     5 169   11 67   15 5   18 405   21 8   24 128   28 148   31 424   37 499   44 346   46 82   47 131   50 160   
12  7     2 288   12 96   15 68   22 8   25 427   28 106   32 11   38 24   41 102   45 285   48 170   51 368   
11  9     1 128   11 1   17 64   21 484   24 35   27 104   34 28   37 67   40 38   47 214   50 369   
9  5     5 71   8 479   11 397   15 351   18 447   28 13   31 16   41 40   47 167   
10  7     1 482   11 144   21 468   24 8   27 4   37 294   41 96   44 469   47 375   50 393   
The following result corresponding the input file : input_file_q_ary_2013.txt
The following result corresponding the SNR point : 2.5 dB.
11  10     1 4   5 32   7 267   10 20   13 6   14 8   26 308   27 16   31 333   35 99   38 97   
3  4     0 321   12 256   34 200   
28  17     1 264   2 21   4 5   5 32   6 56   7 9   10 440   12 343   13 449   14 358   16 436   17 96   20 2   21 248   22 20   23 16   24 10   26 100   28 140   29 308   30 279   31 19   33 128   36 34   38 48   39 132   40 96   41 144   
31  12     0 430   1 16   2 326   3 10   4 409   5 11   8 138   9 484   10 8   13 437   14 372   15 192   16 237   17 357   18 490   20 510   22 16   23 10   24 128   26 34   27 160   29 12   30 328   31 257   32 128   34 349   35 256   37 212   38 51   39 446   41 135   
13  7     2 432   6 10   11 19   14 150   15 128   18 72   21 208   24 498   27 8   29 18   32 38   36 35   39 16   
7  5     3 320   8 44   15 98   19 1   25 84   30 318   37 164   
10  9     5 98   7 303   10 448   14 5   24 8   27 128   32 454   35 326   36 327   39 208   
17  12     1 12   5 16   7 152   9 64   10 367   14 1   17 8   20 128   23 152   26 386   27 24   28 480   31 502   32 461   35 380   38 4   39 156   
15  11     0 60   1 334   3 35   13 32   16 66   20 100   22 24   25 144   26 68   30 80   34 450   37 3   38 21   40 144   41 52   
29  18     0 467   3 319   4 10   5 72   6 436   8 39   9 36   10 164   11 124   13 119   16 16   17 2   18 80   19 48   20 126   21 168   22 2   23 478   24 2   25 355   29 150   30 68   31 3   32 3   33 339   34 2   37 302   38 511   40 314   
The following result corresponding the input file : input_file_q_ary_2013.txt
The following result corresponding the SNR point : 3 dB.
9  8     1 81   3 32   8 2   9 138   11 128   13 24   14 4   15 232   18 21   
13  9     0 32   1 100   2 88   3 8   4 2   5 56   6 16   7 2   11 129   12 144   13 144   16 20   17 34   
1  2     19 192   
8  7     1 9   4 238   5 73   9 149   13 2   16 33   18 9   19 145   
3  4     2 66   6 48   17 97   
The following result corresponding the input file : input_file_q_ary_2013.txt
The following result corresponding the SNR point : 3 dB.
8  9     0 2   1 25   3 72   4 188   5 72   9 145   14 16   17 34   
14  9     1 2   2 2   4 128   5 80   6 8   7 160   9 1   11 64   14 32   15 144   16 2   17 160   18 16   19 3   
7  0     0 9   9 169   10 33   13 32   14 6   18 109   19 16   
13  6     2 64   4 48   6 1   7 26   8 16   9 32   11 96   12 14   13 160   14 132   16 89   17 53   18 130   
13  6     1 32   2 96   3 94   4 32   6 20   7 2   8 8   11 4   12 24   14 13   16 18   18 64   19 68   
14  9     0 144   1 1   3 48   5 19   6 1   7 148   8 1   9 128   12 16   14 16   15 3   16 5   17 128   18 64   
17  9     0 131   1 240   2 72   3 179   4 65   5 96   6 132   7 96   8 20   10 18   11 64   12 12   13 9   14 152   16 2   17 6   18 1   
19  10     0 146   1 18   2 132   3 100   4 64   5 2   6 128   7 129   8 16   9 5   10 137   11 2   12 88   13 192   14 1   15 16   16 8   17 2   18 160   
17  7     0 128   1 16   2 16   3 64   5 1   6 2   7 160   8 24   9 16   10 18   11 3   12 32   13 240   15 96   17 64   18 160   19 32   
18  9     0 2   1 3   2 162   3 20   4 4   5 8   6 8   7 128   8 96   10 24   12 24   13 80   14 18   15 208   16 21   17 52   18 68   19 128   
8  7     1 130   4 13   5 8   8 33   14 192   15 2   16 184   19 8   
14  6     0 33   1 132   2 4   3 128   4 4   5 136   8 76   9 20   12 2   13 2   15 24   16 129   18 17   19 193   
13  9     0 136   2 129   3 80   4 16   5 160   6 64   9 113   10 16   12 43   14 96   15 140   16 49   19 20   
15  8     0 164   1 4   3 24   4 72   5 64   7 138   8 36   11 184   12 193   13 202   14 5   15 33   16 128   17 36   18 144   
13  7     0 2   3 16   4 17   5 2   7 66   8 128   9 34   12 128   13 160   14 28   15 136   17 20   18 20   
6  0     0 182   3 65   7 145   13 35   15 100   17 200   
9  5     4 6   5 80   7 1   8 1   9 10   12 210   13 197   14 48   19 4   
11  7     0 4   3 128   4 224   7 96   8 16   9 28   11 8   12 25   13 146   15 13   17 8   
12  10     2 97   4 160   5 32   6 193   7 64   9 12   10 40   12 29   13 204   14 4   16 2   18 97   
16  10     1 6   2 193   4 13   5 3   6 136   7 4   8 192   9 129   10 144   11 20   12 4   14 1   16 48   17 132   18 32   19 66   
11  6     0 196   1 129   2 42   7 2   9 1   10 29   14 182   15 4   16 32   17 144   19 200   
16  6     0 10   1 33   2 1   3 36   4 32   5 8   6 1   8 1   11 3   12 1   13 1   14 35   15 32   16 128   17 50   19 66   
17  9     1 1   2 130   3 73   4 97   5 32   6 2   8 128   9 128   11 199   12 40   13 32   14 8   15 17   16 1   17 4   18 8   19 138   
13  8     0 64   1 72   2 134   3 161   5 128   7 64   9 16   10 7   13 36   14 32   15 64   18 96   19 2   
11  9     0 202   3 16   5 146   7 96   10 10   11 1   12 1   13 192   15 64   16 128   18 32   
The following result corresponding the input file : input_file_q_ary_2013.txt
The following result corresponding the SNR point : 3 dB.
8  9     0 2   1 25   3 72   4 188   5 72   9 145   14 16   17 34   
14  9     1 2   2 2   4 128   5 80   6 8   7 160   9 1   11 64   14 32   15 144   16 2   17 160   18 16   19 3   
7  0     0 9   9 169   10 33   13 32   14 6   18 109   19 16   
13  6     2 64   4 48   6 1   7 26   8 16   9 32   11 96   12 14   13 160   14 132   16 89   17 53   18 130   
13  6     1 32   2 96   3 94   4 32   6 20   7 2   8 8   11 4   12 24   14 13   16 18   18 64   19 68   
14  9     0 144   1 1   3 48   5 19   6 1   7 148   8 1   9 128   12 16   14 16   15 3   16 5   17 128   18 64   
17  9     0 131   1 240   2 72   3 179   4 65   5 96   6 132   7 96   8 20   10 18   11 64   12 12   13 9   14 152   16 2   17 6   18 1   
19  10     0 146   1 18   2 132   3 100   4 64   5 2   6 128   7 129   8 16   9 5   10 137   11 2   12 88   13 192   14 1   15 16   16 8   17 2   18 160   
The following result corresponding the input file : input_file_q_ary_2013.txt
The following result corresponding the SNR point : 3 dB.
15  9     0 157   1 2   3 64   5 64   6 67   7 130   8 16   10 130   11 162   12 40   13 3   15 10   16 134   18 126   19 32   
12  9     1 10   3 32   6 66   7 64   8 10   9 6   11 40   12 89   14 12   16 4   17 136   18 80   
16  9     1 32   3 32   5 19   6 11   7 195   8 37   9 17   11 128   12 32   13 2   14 130   15 64   16 8   17 32   18 16   19 130   
17  10     0 32   1 32   5 128   6 32   7 16   8 1   9 1   10 2   11 162   12 105   13 64   14 32   15 160   16 28   17 28   18 52   19 2   
13  4     1 9   2 68   3 68   5 139   6 14   7 3   8 104   10 40   12 113   13 131   16 1   17 128   18 2   
16  5     0 1   1 3   2 144   3 16   4 96   5 4   6 128   7 1   8 96   9 80   12 136   13 112   15 64   16 4   17 20   18 116   
11  7     0 27   1 140   2 12   6 66   7 198   9 128   10 162   14 96   15 18   17 208   19 128   
11  8     0 1   2 167   3 129   6 36   7 80   8 2   10 32   11 34   15 32   16 19   17 82   
16  9     0 132   1 148   2 131   3 64   4 152   5 128   6 2   7 1   8 68   9 33   10 160   11 64   12 116   17 64   18 33   19 136   
13  8     0 1   1 16   2 32   4 128   6 1   8 44   9 72   10 141   12 1   13 194   14 32   17 32   19 144   
15  5     0 17   2 40   3 64   4 68   5 32   6 132   7 64   8 16   9 18   10 148   12 96   13 33   14 2   15 1   16 128   
9  6     0 82   2 40   5 128   7 96   10 4   12 14   15 20   16 130   17 36   
14  5     1 134   2 1   3 64   4 1   5 148   6 64   8 54   10 68   11 32   12 32   14 16   15 129   16 1   19 3   
5  6     0 33   4 50   8 32   10 23   14 165   
5  4     1 86   5 16   6 135   10 3   14 68   
18  9     0 144   1 8   2 52   3 176   4 145   5 64   6 44   7 128   8 32   10 16   12 48   13 200   14 136   15 8   16 4   17 64   18 4   19 8   
16  9     0 144   1 32   2 13   3 4   4 160   5 17   6 81   7 48   9 8   10 96   11 5   12 52   14 24   16 1   17 24   19 128   
14  9     1 5   2 6   3 192   4 12   5 192   6 64   7 13   10 4   12 132   13 4   14 34   16 18   18 64   19 80   
10  8     0 208   4 98   5 72   6 3   8 4   13 74   16 80   17 20   18 214   19 136   
16  9     1 196   3 37   4 2   6 73   7 32   8 4   9 8   10 29   11 8   12 8   13 64   14 48   16 2   17 64   18 34   19 82   
13  8     0 146   1 1   3 131   5 64   6 88   7 1   9 4   10 42   11 5   13 32   15 1   16 8   19 4   
12  8     2 130   3 36   7 144   9 8   10 16   11 16   13 18   14 6   15 70   17 160   18 17   19 96   
16  10     0 32   1 6   2 1   3 32   4 16   5 64   6 4   8 18   9 65   10 3   12 35   13 209   14 168   15 130   18 16   19 12   
5  5     2 83   4 70   9 1   10 39   12 57   
13  8     1 74   2 64   3 16   4 17   6 1   7 2   8 131   9 14   10 48   11 42   14 20   16 8   17 100   
17  8     0 80   2 68   3 194   4 2   6 1   7 68   8 24   9 33   10 24   12 32   13 33   14 64   15 149   16 64   17 5   18 8   19 3   
12  9     1 4   2 130   3 66   5 192   6 68   7 7   8 40   11 138   12 32   13 4   18 132   19 128   
16  10     0 144   1 24   3 24   4 81   5 8   6 2   7 34   8 32   9 136   10 40   13 36   14 64   15 129   16 132   18 2   19 1   
15  8     1 16   2 64   3 73   4 4   5 106   6 21   7 230   9 32   11 8   12 20   13 16   14 1   15 34   18 5   19 64   
16  9     0 67   1 16   3 128   4 88   5 2   6 2   9 9   10 16   11 4   13 72   14 24   15 65   16 64   17 2   18 32   19 160   
7  4     1 4   2 1   4 2   6 120   12 32   16 49   19 64   
16  7     0 130   1 16   2 72   4 64   5 101   6 66   7 1   9 64   10 65   11 160   12 129   14 8   15 192   16 140   17 13   19 8   
16  10     0 3   2 130   3 194   4 176   5 64   6 2   8 32   9 8   10 128   11 153   13 96   14 8   15 136   16 36   17 58   19 1   
11  7     1 7   2 7   4 29   6 83   8 50   13 130   14 4   16 14   17 16   18 128   19 66   
15  9     0 44   1 81   3 2   5 195   6 5   7 18   9 44   10 18   11 33   13 33   15 67   16 152   17 1   18 71   19 4   
13  7     0 48   2 52   3 209   4 32   7 16   8 206   11 78   12 132   14 32   15 25   16 65   18 129   19 56   
13  7     3 12   4 84   5 10   7 4   8 9   9 40   12 65   13 130   14 137   15 16   17 34   18 162   19 128   
18  8     0 141   1 32   2 128   3 64   4 64   5 8   6 96   7 28   8 196   9 1   12 8   13 65   14 146   15 8   16 64   17 128   18 64   19 68   
11  7     2 160   3 22   4 193   5 48   8 144   10 21   11 16   12 28   14 8   16 4   19 22   
15  6     1 32   2 6   3 16   4 16   5 16   7 1   9 12   11 2   12 36   13 32   15 96   16 64   17 138   18 7   19 5   
19  9     0 112   1 35   2 2   3 65   4 8   5 136   6 68   8 136   9 1   10 128   11 200   12 8   13 145   14 32   15 24   16 208   17 160   18 24   19 5   
10  7     0 144   4 64   5 16   8 208   9 132   11 2   13 16   14 11   15 26   16 85   
7  6     1 8   5 4   8 140   10 201   13 10   17 32   18 138   
17  10     0 32   1 32   2 128   3 96   4 36   5 18   7 41   9 128   10 2   11 8   12 128   13 134   14 160   15 36   16 18   17 128   19 5   
17  10     0 134   1 4   2 34   3 1   4 16   7 48   8 12   9 33   10 1   12 22   13 64   14 50   15 8   16 65   17 128   18 192   19 1   
15  9     1 2   2 1   3 68   4 2   5 1   6 64   7 4   10 26   11 96   12 128   13 1   15 2   16 13   17 38   18 16   
15  9     0 32   1 4   2 3   3 108   5 224   6 160   7 65   8 160   10 8   11 32   12 4   13 130   16 128   17 24   18 6   
16  9     0 32   1 6   2 128   4 66   5 17   6 197   8 137   9 1   10 17   12 98   13 8   14 1   15 4   16 10   18 2   19 97   
14  9     0 9   1 134   2 97   3 18   5 128   7 4   10 82   11 26   12 1   13 32   14 2   15 36   17 130   18 12   
11  7     0 73   1 1   2 1   3 1   4 2   8 96   11 40   14 130   16 64   18 16   19 160   
14  8     0 4   2 128   3 100   5 32   7 8   9 8   10 244   12 2   13 8   14 1   15 225   17 8   18 150   19 10   
11  7     0 89   1 160   5 6   7 114   8 88   11 128   12 35   13 72   15 198   16 4   17 100   
10  9     1 64   3 2   5 75   7 17   8 128   10 16   12 72   13 194   17 8   18 1   
12  9     0 40   3 65   4 33   7 116   8 128   12 48   13 32   14 6   15 33   17 64   18 17   19 71   
10  8     0 1   2 194   3 224   7 1   8 69   12 1   15 65   17 8   18 8   19 64   
13  7     0 64   1 24   2 8   3 64   6 68   9 77   10 160   11 48   13 172   15 73   17 34   18 5   19 48   
17  7     0 130   2 90   3 9   4 160   5 32   6 52   7 64   8 48   10 4   11 4   12 129   13 172   14 84   16 16   17 64   18 19   19 128   
14  10     0 6   1 1   2 60   4 64   5 64   6 226   10 146   11 16   12 65   13 128   15 128   16 8   17 68   18 64   
9  8     1 42   3 64   5 104   8 32   11 128   12 5   13 9   15 132   16 17   
8  3     2 5   4 224   6 144   9 100   12 82   16 17   17 12   19 32   
14  7     0 4   2 164   4 44   5 197   8 128   9 3   10 68   12 16   13 4   14 18   16 16   17 3   18 38   19 148   
10  9     3 144   5 176   6 134   9 3   11 33   13 1   15 18   16 136   18 6   19 137   
17  7     0 8   1 16   3 8   4 1   5 128   6 21   7 230   8 81   10 64   11 128   12 192   13 32   14 128   15 64   17 80   18 132   19 64   
14  10     0 136   1 130   3 48   5 32   7 12   8 8   10 4   11 2   12 20   13 1   14 181   15 162   16 32   18 4   
15  10     0 1   1 128   2 10   5 12   6 5   7 37   9 64   10 64   11 4   12 1   13 4   14 32   15 1   17 232   18 8   
10  9     1 64   2 129   4 128   5 8   7 24   8 5   12 1   15 2   16 38   18 129   
13  0     1 53   2 96   4 36   6 128   8 192   9 6   12 32   13 112   14 66   16 65   17 132   18 3   19 48   
15  10     1 64   2 40   3 202   4 4   5 17   6 28   7 66   8 4   9 32   11 13   12 110   13 16   16 96   17 81   18 144   
11  8     0 8   1 1   2 138   3 56   5 64   6 163   10 8   12 1   15 64   17 4   19 129   
15  10     0 41   1 210   2 32   3 128   4 16   5 32   6 24   8 2   9 160   10 96   12 44   14 16   16 39   17 128   19 20   
11  5     0 1   6 22   7 130   9 5   10 84   11 67   12 19   15 17   16 128   17 96   19 35   
17  6     0 1   1 132   2 8   3 5   6 20   7 163   8 1   9 36   10 16   11 40   12 32   14 64   15 2   16 36   17 32   18 34   19 32   
11  9     0 2   3 72   4 8   5 4   8 224   9 156   11 129   12 32   13 81   15 2   16 80   
10  7     0 49   1 219   3 81   7 16   11 129   12 128   13 5   15 37   17 130   18 32   
9  6     0 16   1 2   2 136   5 192   6 6   10 24   12 208   16 4   17 2   
10  9     2 112   3 2   4 32   6 224   8 32   9 27   10 9   12 9   17 65   19 132   
14  6     1 8   3 32   4 16   7 38   9 168   11 2   12 64   13 64   14 4   15 128   16 67   17 144   18 32   19 10   
15  9     0 10   2 132   3 128   5 128   6 65   7 71   8 100   10 45   11 22   12 64   13 102   15 16   16 132   17 21   19 4   
12  7     1 34   2 66   3 128   4 132   6 64   8 64   10 52   12 128   14 25   15 24   18 23   19 48   
15  10     0 4   1 6   2 144   3 32   4 5   5 1   6 54   8 36   12 64   13 96   14 136   15 128   16 80   17 16   19 16   
18  6     0 4   1 4   2 136   3 66   4 152   5 38   6 32   7 16   8 17   9 8   10 16   11 135   12 68   13 8   16 32   17 104   18 112   19 192   
13  8     0 130   1 5   2 4   3 4   4 36   6 12   7 28   8 68   10 1   11 98   12 1   14 192   19 65   
17  9     0 32   1 136   2 48   3 20   4 8   5 4   6 24   7 64   8 64   9 160   10 233   14 64   15 200   16 164   17 128   18 128   19 17   
11  9     2 18   3 10   4 146   7 13   8 193   9 12   11 11   12 80   13 16   14 1   17 24   
16  8     0 8   1 8   2 6   4 144   6 72   7 16   9 8   10 128   11 8   12 32   13 2   14 2   16 60   17 7   18 12   19 16   
11  10     0 154   1 20   2 1   4 148   7 128   8 64   9 19   12 130   13 133   16 90   17 64   
14  9     0 80   1 4   2 9   4 32   5 138   8 20   9 16   11 4   12 145   13 5   14 137   16 9   18 104   19 69   
13  7     0 130   1 32   3 8   5 160   7 2   9 3   11 2   12 64   13 128   14 192   15 196   17 146   18 9   
13  7     1 16   2 8   4 32   8 32   9 80   10 129   11 1   13 14   14 8   15 101   16 32   18 34   19 160   
14  8     1 14   2 4   4 32   6 154   7 32   8 137   9 33   11 128   12 194   13 4   14 161   16 100   17 96   18 176   
12  7     0 74   1 3   3 132   4 2   8 65   9 32   11 9   13 65   14 1   15 130   16 38   18 48   
12  9     0 64   1 20   7 56   8 16   11 96   12 8   13 128   15 32   16 162   17 102   18 132   19 130   
18  8     0 120   2 2   3 130   4 2   5 81   6 8   8 5   9 66   10 168   11 160   12 33   13 81   14 128   15 192   16 37   17 2   18 5   19 164   
10  7     0 68   2 52   4 193   7 96   9 165   11 65   12 145   16 48   17 8   19 16   
12  7     1 4   3 146   4 20   5 140   7 110   8 32   11 32   12 104   14 9   15 65   16 15   19 65   
16  9     0 7   1 36   2 14   5 17   6 80   7 160   8 132   9 2   10 70   11 1   13 4   14 64   15 16   17 66   18 128   19 192   
14  8     0 20   1 108   2 32   3 194   5 64   6 9   7 70   10 34   11 8   13 33   14 10   17 210   18 10   19 16   
12  8     2 4   3 28   5 88   7 44   9 20   10 20   13 131   14 4   15 37   17 80   18 64   19 11   
16  6     0 68   1 135   2 137   3 128   4 5   6 5   7 8   10 160   11 2   12 33   13 8   15 36   16 48   17 164   18 147   19 160   
10  2     0 1   1 8   3 8   5 73   7 144   11 32   13 33   15 92   17 8   18 88   
The following result corresponding the SNR point : 3.4 dB.
12  8     2 128   3 96   4 128   5 4   7 48   8 74   9 44   10 4   12 16   14 33   18 132   19 18   
15  0     0 40   1 130   3 1   4 2   5 144   6 40   8 48   9 20   11 2   13 2   14 34   15 108   16 64   18 2   19 128   
16  9     0 164   1 128   2 193   3 2   5 16   7 80   8 224   9 48   10 24   11 64   12 80   13 8   15 64   16 120   17 1   18 8   
13  4     0 91   1 4   5 17   8 68   9 23   11 91   12 153   13 49   14 4   15 48   16 76   17 192   18 4   
16  9     0 32   1 16   2 96   4 72   6 84   7 4   8 16   9 36   10 128   11 2   12 32   14 20   15 72   16 112   17 16   19 4   
11  8     1 137   2 80   4 14   5 128   6 168   7 68   11 98   12 7   14 129   15 12   16 66   
16  7     0 18   1 65   2 160   4 71   5 8   7 4   8 44   9 64   11 80   12 33   13 52   15 84   16 16   17 8   18 48   19 8   
The following result corresponding the input file : input_file_q_ary_2013.txt
The following result corresponding the SNR point : 1.5 dB.
13  10     5 4   24 24   28 64   30 48   52 12   58 164   60 40   86 64   88 160   90 48   114 48   116 166   118 88   
9  5     21 28   25 62   53 5   55 4   81 19   83 10   85 1   111 72   113 16   
33  11     1 192   3 128   5 16   7 24   9 16   24 16   28 4   30 33   31 10   35 35   37 36   39 31   52 4   54 7   56 4   60 1   63 2   65 68   67 1   82 140   84 128   86 36   90 136   92 1   93 10   95 5   97 9   112 34   114 76   116 40   118 2   120 1   122 96   
27  22     0 88   2 132   6 32   14 144   25 11   27 64   29 137   32 2   34 11   36 1   38 81   40 8   53 128   57 24   62 8   64 22   66 66   68 136   81 145   83 145   85 160   91 44   94 128   111 146   113 218   119 64   123 130   
24  10     5 40   9 71   11 80   30 8   31 68   33 36   35 16   39 224   58 65   60 65   63 211   65 112   71 136   86 208   88 5   90 1   92 32   93 228   95 184   99 161   116 2   118 128   120 8   122 16   
17  7     6 43   8 160   10 68   12 1   14 85   38 32   40 64   42 16   44 160   66 44   68 66   70 32   72 2   96 97   98 64   100 48   102 76   
53  24     1 32   5 80   7 67   11 74   13 128   15 32   17 128   19 4   21 131   26 60   27 48   29 8   37 13   41 2   43 140   45 3   49 194   52 80   53 72   54 192   55 24   57 9   58 48   59 128   65 5   67 1   71 64   73 8   75 12   77 41   81 32   83 193   84 8   85 42   86 5   87 161   88 1   89 202   92 24   95 48   97 17   101 33   103 82   105 32   109 1   110 96   111 1   112 1   113 2   114 35   115 4   116 128   117 160   
11  8     23 4   27 52   53 48   55 48   57 166   81 196   83 84   85 12   87 38   113 20   115 144   
15  5     3 155   7 98   30 12   31 163   33 193   37 6   56 132   60 192   63 32   86 2   90 64   92 2   93 41   120 5   122 128   
14  16     9 16   17 168   19 24   23 2   41 4   45 26   51 74   79 80   81 2   83 68   101 136   103 76   105 22   109 8   
20  11     0 4   2 42   21 9   23 2   25 64   32 62   49 96   51 36   55 32   61 45   62 48   79 33   81 36   83 2   85 39   91 7   109 76   111 32   115 8   121 32   
14  10     11 138   13 48   15 35   17 5   39 129   41 129   43 50   45 12   67 169   69 9   71 5   75 42   97 80   99 70   
14  11     8 132   12 33   14 16   38 15   42 64   44 128   68 201   70 55   72 129   89 177   98 68   100 88   117 82   123 12   
14  4     2 42   4 9   6 78   32 12   34 4   36 180   61 36   62 164   64 12   66 19   91 52   94 192   121 84   123 1   
21  11     1 129   5 72   24 2   26 128   28 8   30 65   31 70   52 1   54 17   56 8   60 64   82 34   84 16   86 168   88 4   90 96   92 129   112 42   114 148   116 64   118 20   
23  15     1 40   3 4   5 96   11 184   13 32   15 177   33 57   35 8   39 2   43 80   45 118   60 4   63 14   65 72   71 128   73 4   90 144   93 4   95 145   99 130   101 131   120 190   122 16   
16  6     2 147   4 16   6 136   8 16   32 12   34 38   36 104   38 65   61 112   62 32   64 50   66 132   91 67   94 32   121 2   123 68   
6  8     16 33   22 128   44 33   46 132   50 18   52 227   
19  6     21 64   23 9   29 68   49 8   51 8   53 6   55 68   57 48   59 92   77 9   79 132   83 24   85 10   87 165   107 8   109 86   111 44   113 64   115 140   
The following result corresponding the input file : input_file_q_ary_2013.txt
The following result corresponding the SNR point : 1.5 dB.
21  14     2 32   3 8   4 48   6 2   31 80   33 3   34 64   36 16   37 68   62 34   63 128   64 128   66 9   68 72   69 32   93 16   94 2   96 96   97 40   98 40   99 132   
9  6     26 144   27 2   56 162   57 4   58 1   88 66   89 17   118 40   119 80   
10  9     1 136   2 97   31 1   32 3   33 68   34 4   62 20   63 156   64 83   95 178   
12  7     22 97   23 6   51 128   52 6   53 45   54 35   81 176   82 4   83 64   112 6   113 178   114 192   
34  21     6 36   7 130   9 24   10 64   11 16   12 129   17 133   37 19   38 40   40 2   41 34   42 16   43 34   45 8   47 16   48 4   65 18   66 44   67 21   68 64   69 9   70 32   71 9   72 128   73 32   74 80   77 4   78 104   96 119   98 64   100 48   102 12   104 128   105 8   
8  3     26 56   27 128   56 196   57 10   58 32   87 152   88 64   118 210   
25  16     20 155   21 3   22 16   23 64   24 2   26 184   27 20   50 21   52 129   54 8   55 48   57 152   80 8   81 96   83 67   84 32   85 34   86 125   89 216   112 16   114 1   115 12   116 16   117 160   119 1   
27  11     9 8   11 32   12 136   13 130   14 11   15 140   40 131   41 104   42 128   43 80   44 2   45 16   46 130   69 7   71 1   72 26   74 33   75 1   76 192   77 73   100 17   102 2   103 64   104 4   105 160   106 20   107 196   
10  7     25 8   27 29   55 108   56 129   57 160   85 7   86 64   87 110   88 64   117 16   
25  17     14 32   23 160   24 65   26 64   27 4   43 68   45 10   53 72   54 128   56 54   57 21   58 1   73 128   74 40   83 30   86 1   87 1   88 64   104 137   105 1   114 71   115 12   116 128   117 161   118 16   
21  12     10 32   12 81   14 151   15 25   40 18   41 76   42 1   43 36   44 132   45 6   71 12   72 1   73 16   74 16   75 36   77 36   102 66   103 8   104 163   105 130   107 10   
9  5     0 164   1 139   31 49   32 148   61 2   62 4   91 133   92 138   122 136   
5  6     19 144   50 144   80 141   82 204   112 203   
The following result corresponding the input file : input_file_q_ary_2013.txt
The following result corresponding the SNR point : 1.5 dB.
26  12     2 128   3 36   11 19   18 3   19 32   25 16   26 32   31 32   45 73   46 2   47 26   53 6   54 130   61 157   67 170   73 148   74 5   81 69   82 2   90 9   101 2   102 128   109 34   110 16   117 68   118 1   
21  6     11 8   19 16   26 16   27 72   31 2   39 128   46 128   47 32   54 17   55 18   66 68   67 96   74 32   75 73   82 1   90 6   94 28   95 37   102 75   110 35   118 128   
11  4     14 2   29 68   34 136   42 16   49 16   57 136   62 201   77 128   85 133   105 33   113 4   
9  5     21 38   29 16   49 152   57 160   77 130   85 96   92 76   105 2   120 192   
8  2     21 3   41 33   49 24   69 7   77 141   92 164   97 68   120 198   
14  8     7 84   15 48   30 42   35 132   43 196   58 32   63 32   71 49   78 9   86 128   98 1   106 128   114 20   122 85   
10  8     9 56   10 5   17 6   37 137   45 212   53 192   60 165   81 22   88 215   116 1   
10  11     6 48   34 4   42 58   57 49   62 24   69 1   70 16   85 18   112 172   113 5   
12  13     1 152   22 66   24 4   52 42   60 156   65 16   72 133   80 96   88 24   100 8   101 28   108 2   
21  13     0 34   7 2   15 128   22 161   30 8   35 133   42 4   43 32   50 18   51 32   58 2   59 4   70 80   71 32   78 20   79 176   87 9   98 136   99 68   106 32   107 76   
12  6     7 67   22 144   30 138   35 128   42 50   50 4   62 70   70 200   86 96   106 9   121 16   122 3   
20  7     2 1   10 69   17 22   37 32   38 131   45 16   53 128   60 56   61 200   65 67   73 128   80 24   81 64   88 33   89 153   93 4   108 160   109 48   116 4   117 80   
6  7     3 192   31 89   54 84   55 16   82 136   102 104   
12  10     13 65   21 17   33 4   41 32   49 8   69 73   77 81   92 48   104 8   105 5   112 174   120 69   
9  7     14 22   22 80   34 82   42 40   50 56   58 13   62 112   70 8   121 113   
11  1     2 128   17 138   25 241   37 2   45 194   53 17   61 1   73 84   81 24   93 5   101 128   
The following result corresponding the input file : input_file_q_ary_2013.txt
The following result corresponding the SNR point : 1.5 dB.
57  44     1 64   3 130   4 33   6 9   9 34   11 65   12 6   14 32   17 16   20 136   26 2   29 52   30 4   32 6   34 2   35 128   38 32   44 4   52 165   53 104   54 100   55 48   58 192   65 8   67 20   69 1   70 160   71 8   72 228   73 209   74 28   75 1   78 70   79 52   80 89   89 42   92 224   93 2   94 22   95 128   97 160   98 80   99 199   100 1   101 37   104 5   113 72   114 64   116 82   118 8   121 132   122 25   123 84   124 20   130 68   136 8   137 38   
81  29     0 80   2 16   3 66   10 65   12 160   13 1   16 1   17 3   19 65   20 10   22 72   24 105   26 144   27 144   29 10   30 160   33 18   35 33   36 4   37 37   38 64   40 128   41 48   42 36   43 8   44 8   46 16   47 64   50 9   53 16   54 152   55 4   57 65   59 32   60 1   61 40   63 229   66 68   67 128   69 1   75 17   76 9   77 128   78 136   79 64   80 194   81 128   82 198   83 104   84 209   85 24   86 32   89 128   92 2   93 64   95 132   96 82   98 96   99 2   100 1   101 130   103 77   104 5   105 16   106 32   107 33   109 32   112 169   113 193   116 128   119 10   121 36   123 16   124 43   125 32   126 64   130 4   132 192   134 18   135 9   136 32   
50  34     3 161   4 64   7 16   8 152   13 65   14 96   15 2   20 116   21 32   24 128   32 46   33 2   34 136   35 16   37 96   40 9   42 9   47 79   48 209   49 192   57 42   60 40   64 9   65 66   68 4   73 1   74 66   80 208   81 17   82 130   87 116   93 66   94 64   95 100   101 20   102 2   104 25   106 32   107 136   110 32   111 64   115 64   116 3   117 136   118 32   124 32   125 4   126 5   134 1   137 136   
77  34     1 1   8 147   9 165   10 65   11 194   15 164   16 20   17 140   18 129   19 48   20 52   21 134   22 144   25 21   28 146   29 224   30 130   31 52   34 160   35 16   37 34   38 88   39 192   42 228   44 2   45 128   52 72   53 2   54 8   55 147   58 18   59 32   60 80   61 129   63 98   64 1   65 131   66 129   67 12   74 32   75 4   76 97   77 16   79 133   80 40   81 128   82 2   84 4   85 132   88 132   90 128   94 160   96 2   97 16   98 218   99 6   100 46   101 8   104 193   108 54   110 176   111 64   112 16   113 67   114 128   117 139   119 14   120 32   121 4   123 132   124 34   125 2   127 4   129 160   131 72   132 160   133 160   
51  41     5 3   9 136   11 81   14 6   15 75   16 41   19 3   22 104   26 140   29 64   31 34   35 42   40 48   41 65   43 4   45 137   49 2   52 130   53 4   54 80   55 26   58 137   59 24   60 64   64 78   68 36   79 5   81 4   82 24   83 5   85 16   87 26   89 128   92 8   99 56   100 14   101 96   105 1   109 96   114 128   118 8   121 5   122 128   123 131   124 3   125 128   127 128   128 6   130 69   132 68   133 162   
56  34     0 16   1 65   2 48   4 84   5 24   6 130   11 100   14 148   18 128   19 167   23 17   24 17   27 168   30 160   38 34   39 68   44 1   46 74   50 76   61 129   62 163   63 66   64 40   66 88   68 57   69 8   70 2   71 33   72 208   83 24   84 20   85 18   86 52   87 232   91 18   92 8   98 40   99 50   104 26   105 64   107 128   109 3   110 140   112 149   113 32   114 84   115 41   116 92   119 12   127 112   128 18   130 134   131 11   133 201   135 2   136 132   
55  32     0 68   1 20   2 26   6 195   7 68   10 80   14 32   15 132   16 146   26 65   27 1   28 160   30 32   36 160   38 18   41 8   43 12   48 128   50 4   51 2   53 129   54 35   57 64   59 5   68 4   70 48   74 12   75 137   76 151   80 64   81 104   82 68   85 4   89 4   90 194   91 136   94 24   95 128   96 34   97 32   98 9   100 4   101 192   103 2   110 2   112 1   117 52   118 54   119 130   120 10   123 131   126 4   133 8   134 20   135 150   
57  41     2 34   5 108   8 32   9 9   12 48   15 12   17 24   19 132   20 38   21 65   22 10   28 84   29 25   35 9   38 4   39 195   42 41   45 86   46 64   52 6   53 20   56 4   58 40   59 2   60 134   61 129   66 1   67 64   68 64   74 8   75 22   78 74   80 141   82 128   85 2   86 132   88 200   91 64   92 66   97 32   98 130   102 104   106 32   107 41   111 8   112 64   114 240   115 104   122 128   124 129   125 136   127 36   129 97   130 64   131 136   135 136   136 57   
65  39     1 64   2 136   8 132   10 1   13 64   14 16   16 80   18 230   19 32   22 17   25 64   26 128   28 28   29 1   35 33   36 16   39 34   40 100   41 65   42 32   44 170   45 32   48 81   51 80   52 166   57 128   60 8   62 197   63 49   64 18   67 208   68 136   70 80   73 136   74 144   75 16   76 64   79 148   80 32   82 36   84 80   85 3   89 65   90 10   91 1   94 68   95 132   98 148   102 72   104 4   108 1   109 65   111 32   113 135   118 18   119 49   120 136   125 64   126 167   128 130   129 4   132 20   134 66   135 106   137 1   
46  31     1 1   4 6   5 4   8 66   11 87   14 146   17 2   19 18   20 144   21 70   22 10   23 2   25 64   31 2   37 80   46 4   48 137   51 193   55 52   58 64   59 8   61 34   65 12   68 6   72 65   74 16   77 34   80 240   82 192   85 128   86 8   87 2   88 38   91 44   92 7   101 144   104 186   105 129   106 48   107 3   111 32   115 72   124 136   127 76   130 32   134 65   
72  29     1 66   2 64   4 70   6 16   8 82   11 7   15 6   17 64   19 224   21 52   22 1   24 1   26 104   29 64   31 170   34 72   35 176   36 48   37 17   39 64   40 8   42 176   46 32   49 4   50 12   52 32   54 128   55 48   57 4   58 2   61 76   62 24   63 10   65 128   66 193   68 2   71 16   74 2   75 128   76 80   79 12   80 153   81 40   84 16   87 23   88 18   91 17   95 1   96 96   101 64   102 9   104 99   105 80   107 130   108 16   109 72   111 16   112 130   114 5   116 3   118 32   121 16   123 72   124 130   125 8   127 3   129 144   131 2   132 160   134 40   135 4   137 232   
38  34     1 4   2 171   5 136   8 67   12 32   16 130   17 148   21 154   32 49   34 160   35 75   41 1   45 37   46 2   49 8   52 148   58 88   62 129   68 172   71 208   77 162   81 44   84 82   85 26   91 25   95 96   98 6   99 18   105 48   108 96   111 4   114 8   115 137   118 34   124 130   128 13   131 40   134 66   
57  40     2 136   7 66   8 160   13 8   15 98   16 128   17 18   21 72   22 144   25 32   28 130   29 129   30 27   31 68   33 2   35 108   36 68   39 194   41 24   42 96   44 28   45 9   49 216   51 34   54 8   56 128   57 33   59 2   65 20   70 128   71 2   75 1   76 72   79 64   81 68   82 32   84 64   89 132   95 16   96 9   99 129   102 24   105 4   110 18   111 65   113 180   114 198   117 2   118 160   119 20   120 72   122 128   123 192   125 216   126 144   131 128   137 132   
57  23     0 164   2 144   9 140   13 144   15 132   17 128   19 3   24 9   27 64   28 17   29 16   32 200   33 4   35 96   37 2   38 130   43 4   47 65   50 192   53 52   55 136   56 8   57 17   58 40   59 64   61 1   64 80   66 8   69 32   72 2   75 32   77 12   78 8   79 192   83 2   85 2   91 1   92 1   93 216   98 1   99 68   103 1   105 64   106 4   107 70   110 112   112 128   116 56   119 4   121 2   122 2   124 16   125 80   127 69   129 8   130 76   135 32   
26  19     1 12   5 128   6 69   14 33   15 160   21 52   35 32   49 8   58 14   59 97   62 192   65 38   69 4   71 72   81 208   84 140   95 2   101 1   104 84   118 138   123 8   124 18   128 18   131 32   132 72   134 200   
77  27     3 2   4 2   5 3   6 130   8 128   9 48   10 193   11 1   13 32   14 129   16 16   17 128   21 81   23 8   25 136   26 35   27 3   28 4   29 32   31 160   32 8   34 4   37 8   40 64   46 129   47 68   49 64   51 4   52 4   53 52   54 24   58 4   60 1   66 26   69 84   70 10   71 8   72 134   73 18   74 72   76 129   77 24   79 6   80 21   86 105   87 4   88 128   90 10   91 2   92 6   94 64   95 80   96 8   97 128   99 148   101 36   106 20   107 8   108 214   109 129   111 5   112 128   115 64   116 19   117 130   118 128   119 29   120 130   121 48   124 33   126 4   127 168   130 152   131 64   132 128   135 8   137 2   
77  41     0 16   1 216   2 148   6 112   7 130   10 128   12 32   13 2   16 5   17 54   18 32   19 17   20 108   22 1   24 80   27 16   28 5   29 38   33 128   36 8   37 2   38 160   39 35   42 2   43 2   45 8   51 1   52 12   54 104   56 8   57 128   61 2   62 96   64 128   65 2   66 64   67 84   68 18   76 192   78 2   80 8   83 96   84 64   85 4   87 2   88 96   89 209   90 163   91 1   93 8   96 144   97 49   98 152   100 3   102 10   103 1   104 164   105 35   107 208   108 18   109 10   110 8   111 168   112 18   114 8   120 24   123 2   126 132   127 144   129 8   130 47   131 16   133 34   134 96   135 165   136 66   137 104   
54  28     1 33   5 128   7 12   11 6   13 88   14 1   18 60   21 130   24 2   25 3   30 100   33 215   38 80   39 67   40 49   41 88   44 18   47 112   48 3   52 128   55 7   56 2   62 144   63 148   64 128   67 8   68 84   70 163   71 32   73 64   74 52   78 9   79 16   80 64   81 66   84 128   87 80   90 16   93 61   98 76   100 4   107 57   108 64   110 4   114 65   117 128   123 24   124 156   125 68   130 106   131 29   133 198   136 12   137 4   
51  34     3 32   4 33   6 130   8 178   10 3   11 64   12 64   15 1   20 73   23 22   26 8   28 88   29 5   33 17   36 136   37 10   38 34   41 40   46 8   49 26   50 35   51 16   52 40   55 8   56 96   59 165   63 145   71 32   72 132   73 136   76 58   77 32   78 96   80 16   81 32   85 64   91 88   92 64   93 32   95 4   97 130   98 136   103 168   107 131   109 8   114 136   115 129   116 8   118 193   119 72   133 2   
44  33     3 8   9 5   10 19   12 16   13 67   16 144   19 10   20 64   22 64   30 8   33 16   36 24   42 168   43 32   46 12   47 34   54 144   56 32   63 128   66 1   67 10   69 8   72 170   76 96   82 66   85 2   86 20   91 161   92 97   93 34   96 16   99 40   100 41   102 64   111 198   112 112   113 17   116 72   119 46   122 169   123 36   129 1   135 141   136 29   
56  32     3 198   7 128   8 16   9 13   12 2   15 2   16 1   17 195   18 5   21 136   24 26   27 17   28 48   29 71   36 36   37 1   38 64   39 137   42 32   47 64   50 37   51 8   52 3   53 48   58 18   59 2   60 78   61 12   62 10   65 129   69 192   72 4   73 24   75 34   77 17   78 129   81 137   82 8   86 16   87 192   95 84   96 32   97 129   98 1   99 144   101 137   106 5   107 128   111 88   116 8   118 64   119 17   121 12   125 36   128 129   130 202   
62  32     0 50   1 32   3 209   4 48   9 10   11 44   12 50   15 6   20 224   21 166   22 131   26 34   27 160   30 13   35 8   38 2   40 96   41 4   43 132   44 133   46 24   49 83   50 1   55 2   58 32   61 68   64 17   65 128   66 2   67 2   68 130   69 32   70 148   71 152   72 4   78 133   80 14   81 66   83 144   84 80   87 49   89 32   90 4   91 64   92 169   101 15   104 16   107 130   110 160   111 7   112 4   113 64   114 148   115 2   119 84   122 48   124 3   130 12   132 5   133 8   135 18   137 4   
77  21     2 132   3 9   4 1   6 128   8 18   9 1   12 2   13 3   14 1   15 12   16 68   19 84   20 1   21 2   24 1   25 2   26 16   30 49   32 16   35 34   36 68   39 64   40 46   41 8   47 16   48 2   50 18   53 16   58 64   59 20   60 224   61 9   63 4   64 3   65 64   66 113   67 1   69 228   70 9   72 30   73 113   74 64   75 22   80 12   81 128   85 3   86 2   87 4   88 136   89 176   91 1   93 128   94 88   95 136   99 1   101 38   105 43   106 128   107 49   109 4   111 96   112 2   113 10   116 2   117 4   118 96   119 2   122 23   124 16   126 144   129 32   130 145   131 97   132 129   133 4   135 16   136 8   
63  39     3 64   4 18   9 2   10 16   12 66   13 34   16 128   17 2   23 17   24 176   25 192   27 26   30 194   33 8   34 97   35 8   37 72   38 154   42 36   44 138   47 32   48 36   50 128   53 68   56 225   57 20   58 2   68 238   69 64   70 64   72 2   73 18   74 192   75 208   76 224   82 32   83 17   90 12   91 80   92 192   94 128   95 129   96 133   97 10   102 64   103 11   104 33   106 2   107 64   108 8   113 120   116 131   117 56   118 33   119 36   120 195   122 3   126 1   127 64   134 18   135 142   136 65   137 16   
38  23     0 132   3 180   10 8   13 212   16 131   17 18   24 3   30 32   34 2   37 1   47 168   48 218   51 32   54 96   57 196   60 144   64 81   67 80   73 32   76 5   80 93   82 65   83 1   86 32   89 32   93 68   96 32   97 39   102 9   103 80   106 128   113 88   117 84   120 5   123 78   126 68   133 3   136 32   
49  25     3 16   4 12   5 4   6 178   9 144   10 168   19 150   22 8   23 72   24 8   25 96   28 98   30 4   31 48   33 132   39 79   42 134   46 212   47 4   53 166   56 66   65 2   66 132   67 2   69 85   70 66   72 1   73 144   78 7   79 17   86 88   87 146   88 144   89 32   92 9   93 144   99 204   102 16   109 1   111 90   112 144   113 19   116 192   123 129   130 153   131 30   132 197   135 13   136 9   
56  44     6 32   7 160   8 52   9 128   11 26   13 148   17 32   26 8   27 209   28 133   29 163   31 16   33 10   34 14   40 50   44 4   46 2   48 144   49 66   50 20   51 180   52 2   53 161   55 66   57 136   59 27   61 72   62 65   64 160   68 76   71 18   73 147   74 101   75 152   77 192   81 204   83 192   84 100   94 98   97 132   98 148   99 64   100 1   101 67   103 148   109 144   110 64   115 136   118 4   119 16   123 6   124 1   125 136   127 56   133 33   135 162   
47  27     1 20   2 136   3 4   6 97   8 88   9 114   14 9   21 12   22 1   27 33   29 64   32 64   41 36   46 52   50 44   52 192   54 65   55 64   58 81   59 241   61 10   64 208   65 97   69 12   72 192   74 97   81 136   83 144   84 210   86 54   89 140   90 32   91 224   92 136   94 193   97 134   101 67   104 196   105 170   111 48   119 8   121 40   124 17   128 2   130 193   134 138   136 112   
57  38     1 137   4 2   6 34   9 20   14 8   15 3   17 8   20 4   21 131   22 80   29 22   33 139   34 20   35 98   37 130   38 12   40 136   41 4   42 145   47 65   50 141   52 48   56 128   57 129   58 128   60 70   61 21   63 3   64 24   65 3   72 36   74 160   77 1   78 5   80 105   81 1   82 130   86 129   87 64   93 129   95 66   98 128   104 32   106 4   107 16   109 32   112 49   114 2   118 1   121 84   125 9   126 36   127 2   129 17   130 96   132 64   134 98   
56  36     0 16   5 40   6 194   7 18   9 68   11 96   13 16   14 52   17 2   20 160   24 128   25 32   29 209   30 8   32 161   34 18   39 4   40 80   47 4   49 158   51 36   52 22   55 16   57 128   61 136   66 1   67 8   69 120   72 2   73 3   74 136   77 152   79 50   83 4   87 40   88 98   89 9   93 50   94 17   95 49   97 22   101 6   103 36   107 16   108 168   109 8   113 144   117 65   118 13   121 40   123 68   124 8   127 52   130 192   132 184   136 32   
57  37     0 10   5 66   10 10   12 1   14 73   15 8   19 128   20 16   23 36   25 10   26 156   31 100   33 38   34 1   38 20   40 12   41 81   49 16   50 128   52 64   53 17   56 8   58 24   61 106   63 20   71 6   73 48   74 36   75 130   76 156   78 18   79 128   80 136   81 44   83 4   86 64   89 144   92 32   94 4   95 4   96 66   99 70   100 136   101 1   103 176   108 65   109 168   113 72   115 65   117 130   118 130   122 89   123 35   124 2   125 128   130 64   133 196   
80  43     1 18   3 33   4 64   5 66   6 9   7 88   9 7   11 2   13 66   14 25   15 81   16 8   18 2   20 1   24 80   25 2   26 128   27 82   29 32   33 64   34 128   35 32   36 130   40 96   41 32   42 4   45 32   48 34   49 16   50 12   52 44   55 81   56 8   57 40   58 232   60 10   63 20   64 38   67 34   68 8   73 150   74 128   78 65   79 2   81 128   82 10   84 2   85 39   86 16   88 112   89 26   90 16   92 73   93 4   94 160   95 132   96 128   98 8   99 14   104 161   105 16   106 16   110 4   114 8   116 128   117 48   118 160   119 4   121 4   122 16   123 8   124 76   125 19   126 5   128 21   129 132   132 20   133 64   134 2   137 40   
77  25     0 64   2 10   6 2   7 80   8 8   9 12   11 5   12 72   13 24   15 20   16 24   17 129   18 48   19 32   22 25   26 74   27 8   28 4   29 82   31 35   32 32   33 16   35 136   36 36   37 1   38 48   41 66   43 37   45 32   50 64   52 64   53 40   54 20   55 16   58 170   59 128   61 16   63 4   64 161   66 6   72 230   73 65   75 150   76 8   78 224   79 44   81 144   82 18   85 224   89 30   91 130   95 80   98 32   99 4   100 8   101 130   102 76   105 8   109 128   110 65   112 36   114 137   117 148   118 48   119 96   120 16   121 21   122 131   123 1   124 68   125 129   127 32   128 67   130 224   132 24   133 32   135 128   
The following result corresponding the input file : input_file_q_ary_2013.txt
The following result corresponding the SNR point : 1.5 dB.
24  16     7 3   8 6   11 2   15 163   16 6   19 2   27 28   36 138   37 72   44 34   48 2   53 137   59 34   61 16   70 129   87 12   100 14   101 12   110 4   111 229   121 194   129 134   133 132   142 68   
70  29     0 168   1 128   3 16   4 22   6 18   7 34   11 144   14 12   15 176   16 81   21 12   23 8   31 136   33 34   34 65   35 4   38 64   42 68   47 24   49 4   51 72   56 136   57 4   59 68   60 4   64 19   65 9   66 33   68 2   69 136   73 132   76 16   77 8   78 8   79 8   82 153   83 140   84 193   86 50   87 34   91 16   92 80   95 192   97 25   98 12   99 128   102 82   105 52   106 16   108 14   110 170   115 120   116 134   117 4   118 66   119 144   120 64   122 196   124 11   125 13   127 1   129 192   130 1   137 33   140 75   141 8   142 160   148 26   149 9   150 35   
The following result corresponding the input file : input_file_q_ary_2013.txt
The following result corresponding the SNR point : 3 dB.
23  16     4 1   14 33   24 84   25 80   26 18   27 77   34 168   42 131   43 56   50 140   51 16   58 1   68 42   69 40   99 160   108 5   109 153   110 42   118 36   128 65   129 162   140 76   150 64   
8  5     1 164   7 131   8 68   9 224   14 19   16 33   21 10   22 80   
78  28     4 21   5 64   6 10   8 12   11 4   12 28   13 72   15 128   16 112   18 8   19 48   20 2   22 73   23 1   26 160   27 169   29 9   34 24   36 6   37 8   38 130   39 130   40 8   42 108   43 6   45 2   46 128   51 128   52 136   53 64   54 129   59 34   60 48   62 4   68 49   71 226   75 128   76 2   80 24   84 8   86 24   87 48   88 48   89 32   91 65   93 88   99 16   100 128   101 24   103 144   105 128   106 82   107 48   108 64   110 3   112 192   113 145   114 133   119 33   120 25   122 2   124 32   125 66   126 128   127 66   129 8   131 17   132 129   134 8   137 5   138 20   141 224   142 32   144 19   145 144   149 167   150 12   151 33   
9  5     3 64   4 128   5 128   10 98   11 3   12 198   17 16   23 34   24 66   
12  11     1 12   2 128   4 35   8 68   11 44   13 36   16 32   17 96   18 192   22 212   23 226   25 96   
The following result corresponding the input file : input_file_q_ary_2013.txt
The following result corresponding the SNR point : 3 dB.
4  0     3 4   5 28   15 5   18 40   
11  6     0 16   3 32   7 8   9 18   10 3   11 40   13 24   14 2   15 34   16 32   18 14   
10  4     0 4   4 24   5 2   6 36   8 2   9 16   11 3   15 2   16 32   19 3   
6  3     1 33   3 21   5 37   11 12   15 40   18 4   
11  0     0 4   1 1   2 5   4 6   5 36   6 8   9 16   12 32   14 1   16 22   19 36   
4  3     3 40   7 20   8 24   12 22   
8  7     1 57   3 20   7 8   8 1   9 12   11 20   13 10   18 38   
15  7     0 1   3 32   4 1   6 52   7 12   8 10   9 21   11 8   12 8   14 17   15 36   16 20   17 2   18 1   19 4   
11  7     0 19   2 16   4 41   6 4   7 34   9 40   11 1   15 2   16 24   17 8   19 2   
15  9     0 36   1 19   3 8   7 32   8 8   9 32   10 32   11 2   12 48   13 24   15 2   16 34   17 44   18 1   19 2   
4  0     3 4   5 28   15 5   18 40   
11  7     0 20   1 4   4 44   5 4   8 1   9 9   10 34   12 4   13 41   16 1   19 12   
18  9     0 10   1 32   2 26   3 2   5 11   6 24   7 14   8 24   9 34   10 4   11 2   12 4   13 49   15 1   16 16   17 20   18 17   19 18   
11  7     2 16   3 8   4 16   9 8   10 17   12 32   13 25   14 6   17 36   18 5   19 24   
10  5     0 36   2 10   6 34   7 4   8 2   10 5   11 37   15 1   16 29   17 10   
10  5     0 2   3 8   5 3   8 2   9 7   13 8   14 4   15 6   16 2   18 2   
4  5     2 8   7 45   11 2   16 2   
7  6     1 24   3 16   6 16   8 8   11 25   12 2   17 16   
4  0     3 21   5 40   15 33   18 4   
10  7     0 32   2 49   5 36   7 8   9 4   10 41   12 24   15 8   17 17   19 33   
15  0     0 16   1 18   3 2   5 17   6 16   7 32   8 2   9 3   10 1   12 1   13 3   14 25   16 40   17 49   18 5   
5  5     4 16   7 24   9 49   12 16   17 48   
10  5     1 20   2 32   5 13   6 16   7 21   10 11   11 10   14 2   15 16   19 37   
10  3     2 5   3 20   4 2   6 32   7 24   8 10   11 4   12 5   14 22   19 16   
14  6     2 26   3 4   4 1   6 36   7 3   8 39   9 1   10 16   12 33   13 1   14 2   17 1   18 14   19 26   
14  9     0 24   1 22   3 40   4 8   5 16   7 32   10 16   11 12   13 32   14 2   15 2   16 1   17 18   18 8   
12  7     1 26   2 4   3 16   5 16   8 32   10 35   11 16   12 24   13 2   15 16   16 1   18 32   
10  9     2 32   5 36   6 16   7 1   8 4   10 1   12 2   15 15   16 2   17 6   
14  8     0 4   1 2   2 8   3 4   4 2   6 2   7 18   8 8   9 12   11 45   12 2   13 2   16 8   17 16   
16  7     0 36   1 2   2 12   3 2   4 3   5 2   7 9   8 50   9 10   11 12   12 4   13 32   15 36   16 17   17 13   18 16   
7  4     4 12   7 7   8 10   9 40   11 44   13 7   17 33   
11  9     1 8   2 1   3 10   4 32   7 16   8 42   10 8   11 32   13 1   15 8   17 12   
18  5     0 4   1 16   2 1   4 11   5 5   6 8   8 4   9 1   10 41   11 48   12 8   13 34   14 40   15 32   16 36   17 36   18 4   19 8   
6  0     2 5   4 40   6 32   12 32   16 26   19 16   
10  7     0 17   1 1   6 4   9 9   10 8   11 18   14 2   15 16   17 16   19 32   
12  9     0 2   2 9   3 10   4 40   6 8   7 8   8 16   11 10   13 18   16 35   17 2   19 4   
6  6     1 32   5 37   10 32   16 18   18 8   19 2   
9  6     0 26   3 16   4 13   7 49   8 16   9 46   13 32   15 11   17 21   
9  8     0 17   2 32   4 40   5 24   8 16   10 32   12 8   17 24   19 33   
8  7     0 34   1 4   4 35   5 10   6 17   11 24   14 16   19 48   
7  6     0 34   2 9   9 18   10 48   17 48   18 40   19 40   
8  7     3 130   5 34   9 68   11 16   17 64   18 17   23 130   24 200   
The following result corresponding the input file : input_file_q_ary_2013.txt
The following result corresponding the SNR point : 3 dB.
12  5     1 1   3 8   5 32   6 40   8 1   9 16   11 4   13 21   14 2   16 34   18 2   19 52   
13  8     1 36   3 3   5 16   6 40   7 4   9 1   10 2   11 2   13 8   15 34   16 1   18 4   19 25   
7  8     1 1   3 8   5 4   9 30   10 24   11 14   19 8   
12  5     0 2   1 1   3 4   5 36   7 4   8 16   11 12   12 16   13 2   15 1   17 40   18 1   
8  7     3 25   7 2   8 4   10 5   11 5   13 25   15 41   17 8   
9  4     2 10   5 10   6 1   7 10   10 1   11 3   12 8   16 31   18 1   
7  3     0 26   2 2   6 5   7 8   11 8   15 7   17 12   
5  6     3 4   6 8   7 8   11 34   18 34   
10  2     1 1   2 56   5 32   10 37   11 12   13 48   15 8   17 4   18 2   19 3   
10  8     0 20   1 32   4 35   6 2   9 8   10 37   11 2   13 56   16 1   19 12   
11  0     3 18   4 35   5 59   6 4   8 22   10 32   11 1   15 8   16 24   18 12   19 1   
12  8     0 4   1 20   2 35   4 4   5 28   8 12   9 16   10 8   13 33   14 16   18 34   19 17   
13  7     2 2   4 32   5 2   7 16   8 20   9 2   10 12   11 48   12 8   14 8   16 32   17 29   18 3   
10  7     0 16   1 50   2 32   5 32   6 1   7 24   9 18   14 33   18 4   19 40   
8  4     2 8   4 16   9 34   11 10   12 8   16 3   17 4   19 25   
14  8     0 36   2 26   3 33   5 1   6 4   7 37   8 1   10 1   13 1   14 16   15 4   16 1   17 36   18 32   
13  7     0 26   2 1   3 9   4 36   7 18   8 20   9 33   10 6   12 8   15 34   17 2   18 4   19 4   
14  5     0 2   1 6   2 36   3 2   5 37   6 8   7 16   8 8   11 4   12 10   13 4   15 14   17 9   18 1   
16  9     0 34   1 32   3 32   4 1   5 21   7 9   8 4   9 24   11 36   12 8   13 10   14 4   15 16   16 8   18 5   19 36   
22  14     1 24   2 24   3 49   4 2   6 13   9 17   10 80   12 129   13 4   14 89   15 136   16 33   17 17   18 128   19 40   20 17   21 4   22 136   24 42   25 138   26 9   27 67   
15  8     0 18   1 16   2 4   3 53   4 8   5 2   6 8   9 6   10 33   12 33   14 9   16 9   17 33   18 13   19 32   
11  4     0 28   3 36   5 33   6 48   9 4   10 18   11 2   14 2   15 16   18 20   19 1   
16  4     0 36   1 8   2 36   3 2   4 1   5 8   6 35   7 32   8 16   9 8   11 16   13 16   14 4   16 18   18 4   19 20   
13  5     1 2   2 34   3 24   4 2   6 44   7 24   8 8   9 32   11 4   12 4   14 22   18 26   19 20   
11  0     0 34   1 1   4 1   5 1   8 34   9 1   10 9   13 8   16 49   18 8   19 12   
11  7     0 2   1 4   5 32   7 2   9 17   11 48   13 36   14 24   15 38   16 16   18 16   
10  3     0 19   1 4   3 38   5 10   7 2   8 1   13 8   15 8   16 1   18 52   
13  3     0 2   1 1   4 1   5 56   6 16   7 1   9 6   10 1   11 16   12 36   15 3   16 2   17 16   
12  7     1 32   3 1   4 8   6 35   8 20   10 7   12 9   13 8   15 48   17 5   18 34   19 4   
10  6     4 8   6 40   7 1   9 49   10 3   11 23   12 17   15 19   16 10   17 4   
12  7     1 4   2 6   4 24   5 35   6 16   9 32   10 20   11 8   12 1   14 3   15 1   16 34   
8  7     0 4   2 4   4 48   6 8   9 29   11 2   17 14   19 8   
12  7     0 16   3 8   4 8   5 48   7 4   8 48   10 35   11 5   12 1   14 2   16 4   18 32   
6  6     3 2   8 5   12 35   13 8   14 4   18 28   
11  10     0 1   1 2   2 3   3 32   4 42   5 16   7 36   9 34   10 50   14 13   17 29   
9  7     1 16   2 32   3 8   7 1   8 4   13 32   16 37   17 4   18 17   
8  8     0 25   2 32   3 8   5 19   10 32   14 10   15 18   19 33   
5  3     5 56   6 19   10 33   14 16   19 48   
7  7     0 42   2 41   4 48   9 36   10 16   14 20   17 16   
10  0     0 8   1 8   5 33   6 40   9 32   10 36   11 32   14 16   15 1   19 4   
4  1     6 4   10 49   11 10   15 12   
10  6     0 8   2 16   5 18   6 16   9 32   10 26   12 2   15 4   16 13   19 32   
7  5     1 3   2 30   4 36   9 36   12 8   14 1   16 16   
9  6     2 20   3 4   6 16   10 2   12 22   14 33   16 1   18 34   19 32   
9  6     2 37   4 34   6 5   9 8   11 35   12 36   16 29   17 8   19 16   
8  6     0 32   5 2   6 32   10 2   11 16   15 13   16 36   18 60   
15  5     0 50   2 33   3 9   4 8   5 32   6 8   7 1   9 4   11 2   12 32   14 56   15 52   16 32   17 2   19 2   
8  0     1 8   5 32   6 40   10 16   11 32   14 1   15 1   19 3   
10  7     0 2   2 5   4 4   7 8   8 16   10 4   11 10   12 2   16 8   18 14   
7  4     3 22   5 2   6 60   10 19   11 38   15 10   18 16   
8  4     1 3   5 36   8 16   9 56   13 16   14 8   16 16   18 4   
9  9     0 32   1 24   3 16   6 1   7 8   8 16   10 12   11 18   18 40   
8  6     1 4   2 2   6 48   9 5   12 2   14 2   16 8   19 62   
17  2     0 9   2 14   3 8   5 18   6 40   7 8   8 16   9 2   10 2   11 23   13 2   14 18   15 8   16 16   17 33   18 1   19 4   
10  5     0 14   1 38   5 40   6 48   10 1   11 32   13 17   15 1   17 16   18 8   
15  6     1 40   2 2   3 10   4 9   5 3   6 32   7 36   8 2   12 8   14 1   15 9   16 16   17 8   18 32   19 8   
11  6     2 3   3 36   5 15   6 32   8 4   9 2   10 4   11 1   15 18   16 4   18 32   
14  8     2 20   3 21   4 1   5 10   6 24   7 1   8 18   9 44   10 52   12 7   13 16   17 48   18 1   19 36   
15  4     0 4   2 33   3 40   4 32   5 10   7 32   8 4   9 10   10 18   12 32   13 36   15 1   16 4   18 16   19 1   
10  9     0 3   1 4   3 32   5 24   10 16   11 8   12 17   14 47   15 27   19 24   
11  7     1 32   3 5   4 40   5 17   9 3   10 56   11 8   14 9   16 1   18 1   19 32   
12  7     1 28   2 4   4 16   7 36   9 16   10 2   11 1   12 32   14 9   15 32   16 3   19 4   
8  8     0 12   1 20   4 40   6 1   9 2   15 3   16 32   19 16   
10  4     0 32   1 41   3 8   5 20   8 4   11 32   13 34   15 10   16 4   18 24   
13  8     0 20   1 18   2 33   3 1   5 16   6 16   7 40   10 28   11 16   12 34   15 16   16 40   18 46   
8  6     0 1   2 24   7 28   10 1   12 36   15 35   17 8   19 2   
10  8     2 51   4 1   10 32   12 2   13 12   14 22   16 4   17 9   18 34   19 32   
11  8     1 8   2 24   3 16   5 32   6 1   7 2   10 34   11 3   12 41   13 1   16 18   
8  0     2 3   4 48   8 24   9 32   12 8   13 9   17 8   19 21   
7  7     3 18   5 36   8 2   9 3   13 10   14 2   17 36   
14  5     0 8   1 17   2 20   4 10   5 4   6 10   9 9   11 6   12 14   14 8   15 4   16 8   17 1   19 4   
15  7     1 9   2 17   3 16   4 36   7 12   8 10   9 13   11 13   12 32   13 42   14 11   16 49   17 4   18 4   19 6   
9  6     0 43   2 2   3 1   7 16   8 32   10 12   13 3   15 18   17 48   
13  9     0 17   1 1   3 1   4 10   5 3   8 1   9 2   10 4   11 24   12 11   16 8   17 4   18 8   
7  7     2 8   3 18   6 24   8 40   16 42   17 32   18 1   
10  8     0 16   1 5   3 57   4 32   8 34   11 20   15 35   16 4   18 9   19 11   
13  7     0 4   1 48   4 2   5 32   6 16   8 9   9 1   10 35   12 4   14 32   15 6   16 1   17 2   
11  10     0 32   4 16   5 41   7 3   8 16   11 2   12 6   14 8   15 40   16 44   19 2   
8  8     1 4   2 3   5 5   7 4   8 1   11 33   14 22   18 20   
10  6     1 5   2 48   3 1   4 4   8 41   12 8   14 48   16 16   18 17   19 41   
7  5     0 16   6 60   9 3   10 16   14 1   18 34   19 25   
9  6     0 6   2 4   4 2   7 1   9 3   10 48   15 51   17 6   19 1   
12  5     1 32   2 49   3 1   4 2   5 17   7 16   9 16   10 32   12 16   14 16   16 8   18 37   
12  8     0 32   1 12   3 36   5 1   6 18   9 2   11 2   14 6   15 32   16 2   18 1   19 32   
9  7     1 4   2 32   4 8   6 18   8 9   9 25   13 10   17 34   19 32   
5  6     2 2   3 2   7 33   11 10   17 8   
14  0     0 8   1 37   2 40   4 32   5 2   6 21   7 40   9 32   10 20   11 4   12 32   15 2   16 4   19 10   
11  8     2 8   4 17   5 2   9 8   10 8   12 49   13 10   15 48   16 4   18 16   19 34   
10  7     1 16   2 5   3 1   4 4   7 1   8 57   9 24   12 4   16 4   17 29   
13  4     0 32   1 8   3 48   6 10   7 4   9 8   10 9   11 20   14 8   15 1   17 16   18 3   19 1   
9  6     1 2   4 49   5 12   8 52   9 2   12 34   13 48   14 54   16 32   
14  6     3 1   4 40   5 8   6 39   7 8   8 12   10 1   11 8   12 34   14 16   15 4   16 1   18 12   19 48   
8  7     1 2   3 1   7 22   9 2   13 22   14 8   17 3   18 11   
9  3     0 40   3 1   5 1   7 1   9 36   14 48   15 2   17 4   18 34   
14  4     0 4   1 8   3 4   4 1   5 28   7 4   8 17   9 24   13 17   15 9   16 2   17 16   18 2   19 2   
5  7     0 5   4 44   10 60   13 32   17 38   
10  9     0 16   1 2   2 20   3 4   7 1   13 6   14 16   15 5   16 16   17 2   
9  9     0 5   1 17   4 16   8 11   9 11   10 32   14 1   17 32   18 35   
16  7     0 1   1 8   2 16   3 49   4 32   5 4   6 40   7 42   10 1   11 33   12 4   13 56   16 21   17 1   18 2   19 18   
11  8     0 16   2 49   3 2   4 4   6 25   7 32   9 43   13 4   16 21   17 35   19 32   
8  7     0 11   4 4   5 16   8 51   9 36   13 4   14 2   15 32   
The following result corresponding the SNR point : 3.4 dB.
12  6     2 18   3 12   4 4   7 16   8 4   11 1   12 4   14 34   16 42   17 1   18 3   19 17   
9  8     0 4   5 12   6 17   8 32   10 34   13 4   14 9   18 3   19 8   
12  6     3 24   5 2   6 12   7 2   8 3   10 16   11 44   13 35   15 37   16 2   17 8   18 8   
12  6     1 9   4 1   5 4   7 8   8 48   9 1   11 24   12 34   13 16   14 4   15 8   16 51   
6  0     2 10   4 19   6 3   12 3   16 52   19 32   
11  9     0 56   1 9   4 40   5 5   6 11   7 8   8 52   10 16   12 32   16 32   17 16   
7  5     0 4   5 36   9 12   13 8   14 16   18 17   19 1   
9  8     1 33   2 22   6 33   7 6   11 17   14 9   17 29   18 1   19 32   
12  7     0 22   1 32   3 9   5 8   6 32   7 3   9 2   10 2   11 8   14 18   15 2   18 8   
9  7     0 10   1 32   3 8   8 5   11 4   13 34   15 32   16 1   18 38   
12  7     0 2   1 12   3 16   5 1   7 8   8 16   11 10   13 10   15 49   16 48   17 32   18 32   
17  8     0 16   1 16   2 8   4 4   5 24   6 10   8 2   9 16   10 16   11 5   12 8   13 2   14 8   16 16   17 4   18 6   19 14   
12  7     0 44   1 36   2 6   3 24   5 16   7 4   8 2   10 5   11 42   12 17   15 20   16 62   
8  4     1 16   4 2   5 1   10 6   14 1   15 1   16 4   19 41   
13  6     0 52   4 16   5 34   7 8   8 6   9 8   11 12   12 16   13 16   14 18   15 16   17 17   18 4   
5  5     2 59   6 12   7 55   11 1   12 32   
7  7     0 2   4 32   8 28   9 16   13 16   16 35   19 26   
6  2     1 3   4 15   8 48   14 2   16 20   18 17   
13  9     1 20   2 26   5 1   6 4   7 16   9 40   10 48   12 24   13 1   14 16   15 16   18 7   19 21   
15  6     0 34   1 2   2 3   4 18   5 32   6 32   8 4   9 4   11 2   12 8   13 18   15 4   16 44   17 8   18 2   
9  7     1 9   2 32   4 17   6 8   10 1   14 17   16 16   18 15   19 6   
15  8     0 32   2 4   3 10   4 4   6 3   7 8   8 18   9 24   10 32   11 57   12 8   13 16   16 6   17 9   18 18   
The following result corresponding the input file : input_file_q_ary_2013.txt
The following result corresponding the SNR point : 3 dB.
12  5     1 27   2 32   4 16   5 8   12 32   13 5   14 32   15 1   16 3   17 16   18 8   19 6   
8  0     0 52   3 6   7 26   8 32   12 40   13 25   15 8   17 20   
9  7     4 34   5 1   8 26   9 8   12 8   13 8   14 35   17 40   18 44   
7  4     0 3   2 1   7 1   9 19   10 56   15 3   19 31   
16  6     1 32   2 10   3 24   4 21   5 34   6 2   7 9   8 8   9 8   11 2   12 4   13 1   14 2   15 56   16 6   18 17   
10  3     0 4   4 9   7 37   8 13   9 34   10 2   13 12   15 44   17 40   19 4   
9  9     0 9   3 49   4 32   9 28   11 48   12 8   13 40   14 8   15 8   
13  6     0 16   1 13   3 24   4 40   6 2   8 32   9 12   10 48   11 1   13 8   14 4   16 3   19 26   
The following result corresponding the input file : input_file_q_ary_2013.txt
The following result corresponding the SNR point : 3 dB.
9  7     2 4   4 4   7 16   8 20   9 5   12 28   16 16   17 10   19 13   
11  6     0 2   2 2   4 56   8 52   9 22   10 18   12 3   13 6   14 48   17 40   19 8   
5  3     6 41   7 33   10 30   11 20   15 48   
13  10     1 32   2 9   3 2   5 16   6 32   7 8   8 8   10 20   11 8   13 8   16 24   17 5   19 2   
9  4     0 28   1 32   4 49   5 2   8 29   9 32   13 2   16 9   18 1   
1  2     12 15   
11  8     0 32   1 8   5 50   6 40   7 2   8 4   9 9   10 1   15 3   16 2   19 2   
10  3     1 1   2 8   5 32   6 1   7 44   10 16   11 13   14 6   15 1   19 1   
14  7     0 32   1 4   3 10   4 16   5 35   7 10   8 4   9 6   11 2   13 8   15 4   16 22   17 16   18 10   
8  5     2 5   7 8   9 4   10 33   13 20   15 4   17 29   19 36   
14  9     0 32   2 32   4 11   5 8   6 16   8 8   9 8   10 35   11 2   12 33   14 9   16 33   17 33   18 21   
18  6     0 4   1 8   2 32   3 42   4 4   5 17   6 18   7 4   8 26   9 16   10 3   11 50   12 8   14 2   15 16   16 16   18 4   19 5   
12  8     1 32   2 23   3 19   4 16   5 18   6 22   7 2   10 9   12 6   14 52   16 16   18 1   
6  5     1 23   3 10   5 2   8 2   16 14   18 8   
12  7     1 1   3 2   6 36   8 40   9 4   10 17   11 5   12 3   15 36   16 32   18 1   19 2   
5  2     1 2   5 36   6 5   10 12   16 16   
11  5     0 3   1 4   5 32   8 18   9 18   10 32   11 48   13 10   14 24   15 8   18 16   
11  8     1 48   3 20   5 16   6 32   10 2   11 16   13 3   15 16   16 1   17 32   18 44   
13  0     1 31   2 18   3 1   4 5   6 8   7 16   8 44   9 40   13 1   14 24   16 48   18 1   19 8   
8  6     2 33   4 32   6 34   9 8   12 26   16 21   17 15   19 9   
11  4     0 2   1 26   3 2   5 48   6 8   7 34   8 17   10 33   11 5   16 4   18 58   
12  7     0 33   1 16   3 15   5 2   6 11   9 10   10 2   11 2   13 16   14 20   18 20   19 6   
13  5     0 12   2 1   3 21   4 2   7 24   8 38   9 12   10 1   11 20   12 7   13 48   15 33   16 16   
13  5     1 16   2 2   3 4   5 32   7 34   8 5   10 1   12 56   14 24   15 32   16 4   18 8   19 4   
10  9     0 8   1 22   3 4   5 8   6 16   8 16   13 9   15 4   16 24   19 32   
10  8     2 18   4 32   6 2   7 16   10 8   11 30   12 4   14 8   15 20   16 20   
10  8     4 16   5 2   6 8   7 1   9 49   11 4   14 2   15 49   16 17   17 4   
9  3     0 4   1 32   3 34   5 2   7 1   11 12   13 46   17 4   18 9   
5  6     0 18   4 9   8 36   12 42   13 20   
12  3     1 16   3 8   5 4   6 1   7 1   9 34   10 12   11 18   14 2   15 21   17 4   18 32   
5  6     8 4   9 2   12 5   13 19   16 2   
11  8     0 41   2 16   3 4   4 8   6 48   8 10   10 8   12 48   13 16   16 4   19 49   
14  10     2 1   3 5   4 4   6 2   8 13   9 11   10 1   11 8   12 1   13 32   14 8   15 37   17 8   19 32   
13  10     0 8   1 2   2 21   4 21   5 4   7 16   8 33   12 40   13 42   14 2   16 1   17 40   18 4   
5  3     0 33   3 1   7 8   13 16   17 32   
13  10     0 36   1 6   2 24   4 13   6 35   7 4   9 26   10 33   11 16   13 32   15 2   17 4   19 1   
16  9     0 8   1 5   2 36   3 8   4 8   5 48   6 1   8 8   9 32   10 2   11 4   14 1   15 16   16 23   18 2   19 16   
14  0     0 32   2 12   3 1   4 19   6 48   7 4   8 35   9 32   10 9   11 2   12 1   13 4   15 1   19 2   
9  7     0 10   4 4   5 20   8 34   9 4   10 32   13 1   15 34   18 2   
14  9     1 36   4 4   5 2   7 33   8 2   9 28   11 18   12 9   13 32   14 48   15 49   16 40   17 17   18 1   
14  5     0 1   1 4   2 20   5 20   6 12   7 13   9 2   10 9   11 17   13 6   14 38   15 32   17 6   19 34   
12  4     0 8   1 16   3 8   4 1   5 4   8 18   9 8   11 9   14 8   15 4   16 1   18 20   
14  6     3 38   4 4   5 9   6 27   7 1   8 3   9 8   10 18   12 5   13 8   15 36   16 8   17 8   18 16   
11  9     0 4   1 13   2 2   3 1   4 40   7 16   8 4   9 36   13 3   16 40   17 32   
9  4     0 34   1 2   5 2   6 20   10 16   11 6   13 5   15 4   18 2   
10  5     0 1   1 32   4 8   5 32   6 9   10 40   11 35   14 15   15 3   19 7   
12  6     1 32   2 4   3 10   4 24   7 24   8 8   11 32   12 18   13 12   14 13   16 35   19 16   
6  0     0 23   3 6   7 33   13 5   15 6   17 2   
13  5     2 9   3 52   6 6   7 2   8 12   11 1   12 8   13 48   14 4   16 1   17 9   18 5   19 16   
9  7     4 8   6 18   7 1   8 2   9 38   11 17   16 24   17 4   19 4   
14  0     1 40   3 40   4 17   5 4   7 48   8 8   10 41   11 4   12 19   14 5   15 8   16 36   18 5   19 33   
13  2     1 38   2 8   4 40   5 34   7 17   8 1   10 16   11 11   12 4   14 18   16 10   18 20   19 16   
15  6     0 16   1 8   4 34   5 2   6 4   7 4   8 3   9 2   10 1   12 4   15 12   16 48   17 16   18 7   19 26   
14  10     0 1   1 1   2 42   3 5   4 2   5 19   6 5   9 8   10 5   12 6   13 4   14 32   16 49   19 8   
10  7     1 1   5 50   6 38   9 32   10 2   11 12   14 8   15 4   18 33   19 17   
5  5     0 7   4 50   9 28   17 32   19 12   
13  8     0 5   3 8   4 12   6 8   7 2   8 10   9 40   10 12   11 12   12 10   13 2   16 20   17 8   
6  5     0 28   5 16   9 5   11 5   13 37   15 6   
12  9     1 12   2 5   3 34   4 18   6 25   8 16   12 6   13 16   16 20   17 8   18 16   19 38   
9  4     1 8   2 16   4 4   5 18   8 13   9 21   14 17   16 2   18 33   
15  4     0 17   3 2   4 16   5 8   7 1   8 33   9 8   10 34   11 40   12 3   13 34   14 2   16 32   18 32   19 2   
10  8     0 16   3 20   5 24   7 16   8 2   9 1   10 2   12 8   13 29   17 32   
14  10     0 4   3 33   4 2   5 2   7 32   8 34   9 8   10 6   11 8   12 3   14 20   15 2   17 48   19 4   
10  8     0 2   2 9   4 28   8 32   10 40   12 8   13 4   15 6   16 16   19 16   
18  8     0 16   2 4   3 6   4 17   5 34   6 3   7 28   8 48   9 2   11 3   12 2   13 4   14 10   15 2   16 8   17 16   18 6   19 17   
9  5     2 9   6 10   7 16   9 36   10 16   11 16   14 24   17 35   19 8   
10  0     3 32   4 24   5 7   7 8   8 34   9 19   13 8   15 48   17 32   18 10   
14  6     0 4   1 8   3 1   4 5   7 16   8 2   9 1   10 1   12 32   14 34   16 33   17 1   18 2   19 2   
11  7     1 11   2 32   3 8   5 8   6 24   7 40   10 5   11 2   12 34   15 49   16 8   
9  5     0 12   2 16   4 1   7 38   9 43   10 1   12 7   15 17   19 2   
8  7     3 33   8 4   9 34   14 2   16 4   17 4   18 32   19 9   
7  6     3 42   4 8   8 32   10 42   12 16   14 22   19 56   
12  5     0 2   3 16   4 5   6 1   9 46   10 40   11 24   14 8   15 4   16 12   18 16   19 28   
11  0     1 32   2 24   4 6   8 16   9 20   12 12   13 14   14 33   16 8   17 9   19 46   
10  6     1 26   4 17   8 16   9 1   12 16   13 5   14 56   16 32   17 1   18 24   
18  5     0 2   1 24   2 1   4 2   5 1   6 2   7 8   8 25   9 11   10 32   11 8   12 32   13 42   14 4   15 1   17 2   18 16   19 9   
13  4     2 2   3 2   4 12   6 25   7 10   9 2   11 2   13 57   14 4   16 17   17 8   18 28   19 1   
12  10     0 20   1 32   2 9   4 33   6 18   8 32   9 32   13 42   14 36   15 41   18 14   19 40   
14  8     1 2   2 16   4 8   5 8   6 4   8 10   10 48   12 32   13 42   14 14   16 41   17 4   18 36   19 6   
9  8     3 4   5 1   7 1   8 8   11 17   12 11   13 1   14 32   16 32   
15  8     2 6   3 10   4 34   5 8   6 5   7 8   8 26   10 16   11 2   12 4   14 34   15 16   16 35   18 1   19 12   
13  5     0 4   1 3   2 32   4 48   6 18   8 8   12 19   13 1   14 37   16 4   17 3   18 33   19 11   
8  9     4 34   6 44   9 17   11 8   14 4   17 34   18 32   19 32   
8  8     3 52   5 2   8 4   11 3   12 32   13 21   17 16   18 32   
8  8     0 16   4 1   6 41   9 6   10 16   13 9   17 38   19 5   
8  8     0 46   3 32   5 32   8 14   10 3   13 48   14 6   15 1   
8  4     1 4   3 33   4 9   8 2   11 20   14 40   16 1   18 10   
8  8     0 33   1 1   9 17   10 17   11 57   14 1   17 2   18 46   
10  9     0 4   1 32   2 47   5 1   7 16   9 56   10 32   12 34   14 2   18 61   
10  6     0 32   4 4   6 14   8 24   9 33   12 6   13 9   16 9   17 8   19 24   
11  8     1 2   2 28   8 1   9 8   12 34   13 32   14 8   16 36   17 32   18 45   19 4   
5  3     3 32   7 8   8 1   11 40   12 24   
17  5     0 2   2 9   3 24   5 1   6 24   7 52   8 20   9 2   11 34   12 1   13 34   14 12   15 1   16 2   17 8   18 16   19 16   
16  6     0 4   1 6   2 4   3 4   4 2   6 12   8 2   9 41   10 8   11 32   12 26   15 5   16 32   17 2   18 14   19 1   
12  5     2 44   3 5   4 50   5 40   7 42   8 35   10 10   13 48   15 8   17 30   18 4   19 6   
11  9     1 16   3 4   5 56   6 53   9 19   11 48   12 16   13 4   14 24   17 33   18 16   
8  5     1 1   7 4   10 1   11 12   12 48   14 48   15 4   19 8   
14  9     0 24   2 8   3 5   4 32   6 32   7 5   9 2   10 48   11 1   13 32   15 32   16 2   17 50   19 3   
6  6     4 8   8 28   9 8   13 1   18 12   19 32   
9  8     0 16   2 4   6 46   7 20   9 3   14 4   15 1   16 26   19 2   
The following result corresponding the SNR point : 3.4 dB.
9  4     1 18   2 3   4 3   8 52   11 14   12 32   14 21   16 3   18 2   
13  10     1 136   6 129   7 16   8 11   12 49   13 128   15 164   19 64   20 49   21 144   23 33   26 50   27 68   
12  0     0 4   1 8   4 25   5 24   8 18   9 18   11 24   13 26   14 4   15 16   16 35   18 8   
10  7     0 4   1 10   5 34   6 8   9 32   10 34   13 1   14 6   18 4   19 2   
8  5     1 5   5 34   6 8   7 4   8 2   10 33   12 32   18 40   
17  12     1 16   4 1   5 94   6 2   7 128   8 16   9 3   11 161   13 66   15 1   17 90   18 17   22 19   23 16   24 137   25 50   27 57   
16  5     0 8   1 16   2 6   3 4   4 48   5 48   7 32   8 8   9 6   11 5   12 8   14 9   15 32   17 16   18 6   19 14   
11  3     0 1   1 1   4 4   5 37   6 48   9 4   10 2   11 40   14 16   15 24   16 15   
9  7     1 37   3 14   5 18   6 19   7 4   8 2   10 50   11 48   14 19   
14  8     2 52   3 32   6 4   8 32   9 112   10 64   13 192   14 16   15 1   16 99   21 138   22 128   24 164   27 40   
14  4     0 8   1 16   3 24   4 2   7 8   8 4   9 9   10 24   11 5   13 6   14 5   16 34   17 32   18 2   
10  0     1 4   3 35   5 4   6 8   8 8   10 33   11 4   15 2   16 8   18 32   
10  5     0 53   3 16   4 4   5 53   7 4   8 13   15 24   17 16   18 32   19 32   
10  10     0 2   4 4   8 2   9 36   10 2   14 32   15 12   16 2   17 6   18 12   
15  8     0 38   2 40   3 1   4 34   5 36   7 9   8 4   9 8   10 9   11 2   12 35   13 2   14 16   15 40   17 9   
11  8     0 16   1 17   2 8   7 16   9 12   10 24   11 16   14 17   15 48   17 8   19 2   
8  0     2 6   6 12   7 1   10 4   11 5   12 36   15 5   16 17   
14  10     0 3   2 2   4 32   5 49   6 32   7 11   9 28   10 16   11 20   12 32   13 16   15 4   16 36   19 16   
8  4     1 25   2 33   3 42   6 48   8 8   11 32   16 32   18 4   
8  5     0 2   5 16   10 7   11 32   13 6   15 1   17 22   18 49   
18  8     0 18   1 12   3 6   4 32   5 36   7 4   8 2   9 25   10 32   11 48   12 20   13 9   14 1   15 32   16 6   17 32   18 32   19 8   
7  4     3 13   7 59   8 40   12 34   13 17   15 19   17 18   
9  6     0 12   1 66   7 86   8 16   13 58   14 81   15 13   20 112   21 56   
9  9     2 14   4 2   6 27   7 3   10 24   11 38   15 5   16 17   18 1   
12  8     1 14   2 16   6 18   8 32   9 8   12 32   13 18   14 4   16 33   17 4   18 5   19 32   
12  0     0 44   1 13   3 34   5 4   6 16   7 6   8 8   10 1   11 32   12 10   13 17   18 53   
15  6     0 4   3 24   4 41   5 16   6 48   7 10   9 1   10 1   11 32   12 9   15 1   16 1   17 2   18 32   19 40   
4  1     1 4   8 1   16 1   18 53   
5  5     1 32   4 10   8 8   14 34   16 9   
The following result corresponding the input file : input_file_q_ary_2013.txt
The following result corresponding the SNR point : 4 dB.
3  4     3 33   7 8   15 40   
12  0     0 4   1 8   4 25   5 24   8 18   9 18   11 24   13 26   14 4   15 16   16 35   18 8   
8  6     0 2   3 33   5 33   7 8   9 28   11 38   14 16   17 32   
13  8     2 24   4 8   5 16   6 16   8 32   9 36   10 34   11 16   12 4   13 28   15 32   16 4   17 17   
9  9     1 18   3 16   5 24   6 48   7 2   8 32   11 28   14 1   15 4   
22  9     0 8   2 97   5 32   6 10   7 64   8 16   9 10   11 64   12 72   13 5   14 20   16 36   17 36   18 176   19 72   20 21   21 34   22 21   24 3   25 204   26 20   27 108   
11  0     0 6   1 57   5 6   9 32   10 13   11 32   13 20   14 8   15 1   18 32   19 17   
15  9     0 34   1 18   3 32   5 34   7 2   8 17   11 9   12 32   13 2   14 2   15 16   16 16   17 11   18 48   19 25   
15  2     0 10   2 16   3 8   6 8   7 32   8 32   9 9   10 32   11 4   12 34   13 16   15 16   16 9   17 18   19 2   
12  6     0 8   1 8   4 9   6 6   7 6   9 5   10 48   11 36   12 10   15 51   16 5   19 32   
10  8     1 34   2 1   3 49   8 36   9 5   11 10   13 33   14 1   16 6   19 4   
13  8     1 32   2 50   3 40   4 33   5 4   6 36   12 34   13 5   14 21   15 10   17 26   18 3   19 2   
9  7     0 5   9 8   10 6   12 10   13 10   14 5   15 34   18 17   19 50   
9  4     0 16   1 8   4 18   5 2   8 24   9 16   14 36   16 2   18 16   
