The following result corresponding the SNR point : 3.4 dB.
2  3     4 48   19 13   
11  7     0 32   3 10   4 1   5 7   7 10   8 4   9 6   11 2   13 8   15 4   18 10   
17  4     0 4   1 8   2 32   3 42   4 32   5 17   6 16   8 32   9 16   10 13   11 50   12 25   14 2   15 16   16 16   18 4   19 5   
12  8     1 48   2 23   3 35   4 16   5 18   6 14   7 9   10 13   12 4   14 52   16 16   18 1   
11  8     0 8   1 20   3 18   5 2   6 32   8 33   10 2   11 18   13 3   17 32   18 56   
9  8     0 28   3 34   5 1   7 33   11 10   13 46   14 1   15 2   17 12   
11  9     0 12   3 8   4 4   6 33   8 41   10 17   11 8   12 35   14 8   15 1   19 32   
11  9     0 30   1 48   3 1   4 50   8 4   9 8   11 40   15 48   16 1   17 32   18 36   
12  10     0 1   2 24   3 1   4 2   6 36   8 8   9 17   10 8   13 44   14 20   17 36   18 2   
13  7     0 1   1 19   3 8   5 4   8 18   9 8   11 9   13 1   14 8   15 4   16 33   18 6   19 24   
7  6     1 8   5 22   7 40   10 48   11 2   15 6   18 8   
12  10     0 17   1 52   2 10   4 33   5 58   6 1   10 60   12 1   14 18   15 16   17 32   18 20   
10  2     0 5   3 8   6 28   7 2   8 16   10 20   11 10   13 2   16 16   17 8   
9  6     4 17   8 16   9 33   12 16   13 19   14 40   17 1   18 24   19 4   
The following result corresponding the SNR point : 3.4 dB.
4  4     4 9   9 37   16 9   19 13   
11  7     0 32   3 10   4 1   5 7   7 10   8 4   9 6   11 2   13 8   15 4   18 10   
17  5     0 4   1 8   2 34   3 40   4 32   5 17   6 18   7 4   8 32   9 16   10 3   11 50   12 24   14 2   15 16   18 4   19 5   
11  7     1 48   2 23   3 35   4 16   5 18   6 14   7 9   10 5   12 4   14 52   18 1   
11  6     0 8   1 18   3 18   5 2   6 32   8 32   10 2   13 10   15 48   16 5   18 40   
8  6     0 9   1 1   3 34   7 3   11 10   13 46   17 4   18 8   
15  8     0 12   1 24   2 1   3 8   4 4   5 32   6 33   7 6   8 25   10 17   11 12   12 35   14 8   15 1   19 32   
9  5     1 2   3 1   5 12   8 1   11 40   15 48   16 1   17 32   18 4   
8  6     0 33   3 33   4 2   7 8   8 8   9 2   13 20   17 36   
10  6     1 8   2 24   5 20   6 60   7 2   10 48   11 6   13 5   15 2   18 8   
8  9     1 38   4 40   5 34   7 17   10 44   15 4   16 42   18 20   
The following result corresponding the SNR point : 4 dB.
4  4     3 33   7 8   13 16   15 40   
12  0     0 4   1 8   4 25   5 24   8 18   9 18   11 24   13 26   14 4   15 16   16 35   18 8   
8  8     1 8   5 33   6 32   7 8   9 18   11 18   14 16   16 38   
The following result corresponding the SNR point : 4 dB.
4  4     3 33   7 8   13 16   15 40   
12  0     0 4   1 8   4 25   5 24   8 18   9 18   11 24   13 26   14 4   15 16   16 35   18 8   
The following result corresponding the SNR point : 4 dB.
1  2     17 32   
The following result corresponding the SNR point : 4 dB.
7  3     0 33   3 33   7 8   10 32   13 16   15 40   17 32   
12  0     0 4   1 8   4 25   5 24   8 18   9 18   11 24   13 26   14 4   15 16   16 35   18 8   
12  7     0 2   1 8   3 37   5 33   7 8   9 20   10 2   11 18   13 10   14 16   15 5   17 32   
The following result corresponding the SNR point : 4 dB.
4  1     3 33   7 8   13 16   17 32   
The following result corresponding the SNR point : 3.4 dB.
9  9     1 10   3 32   5 50   6 16   8 19   11 56   15 8   17 8   18 2   
11  7     0 32   3 10   4 1   5 7   7 10   8 4   9 6   11 2   13 8   15 4   18 10   
17  7     0 4   1 8   2 44   3 40   4 32   5 17   6 18   8 32   10 3   11 8   12 24   13 16   14 2   15 16   16 16   18 4   19 5   
10  6     1 48   2 22   4 16   5 18   6 22   7 32   8 5   12 6   14 52   18 5   
7  7     0 9   3 34   7 3   13 6   14 5   17 4   18 8   
10  9     1 24   3 8   4 4   6 33   8 25   10 9   11 8   12 35   15 36   19 17   
9  5     0 8   1 2   3 1   5 12   8 1   13 42   14 2   16 1   18 4   
7  5     0 1   4 2   8 8   9 2   12 4   13 44   17 33   
10  4     1 17   3 8   4 1   5 4   8 19   9 8   11 9   14 8   15 4   18 6   
10  8     0 34   1 8   2 24   5 5   6 12   7 2   10 48   13 5   15 4   17 16   
12  7     1 38   2 10   5 34   7 16   10 60   11 11   12 1   14 18   15 4   16 42   18 20   19 16   
12  4     0 5   3 8   6 28   7 2   8 16   9 4   10 17   11 10   13 2   15 4   16 16   17 8   
10  4     1 6   4 35   8 16   9 1   12 8   13 1   14 50   16 1   17 1   18 24   
9  4     1 35   2 32   4 4   5 36   6 18   12 25   14 32   16 4   19 11   
8  5     5 56   8 18   9 49   12 16   13 4   14 24   17 1   18 24   
8  6     1 18   4 19   8 36   11 14   14 21   16 1   18 2   19 32   
12  0     0 4   1 8   4 25   5 24   8 18   9 18   11 24   13 26   14 4   15 16   16 35   18 8   
10  8     1 17   2 4   4 42   6 16   8 2   10 33   11 6   12 32   15 4   16 18   
16  7     0 8   1 16   2 6   3 4   4 48   5 48   7 32   8 8   9 14   11 5   12 26   14 9   15 32   17 1   18 6   19 14   
9  8     0 1   1 1   3 32   6 50   9 4   10 2   11 40   14 16   16 14   
13  8     1 37   3 8   4 10   5 24   6 49   8 2   9 4   10 6   11 16   14 2   16 2   18 9   19 8   
16  6     0 8   1 20   3 24   4 26   5 4   7 8   8 4   9 9   10 2   11 17   13 6   14 5   15 4   16 34   17 32   18 2   
10  0     1 4   3 35   5 4   6 8   8 8   10 33   11 4   15 2   16 8   18 32   
6  2     0 36   3 16   7 4   13 24   15 24   17 16   
11  7     0 2   1 8   2 1   4 1   7 4   8 13   13 33   14 50   16 2   17 6   18 9   
12  8     0 38   2 40   4 34   5 36   6 17   7 8   9 20   10 9   13 2   16 32   17 13   18 50   
8  5     2 12   5 1   7 16   9 4   10 18   14 17   15 48   17 8   
8  0     2 6   6 12   7 1   10 4   11 5   12 36   15 5   16 17   
13  9     0 2   2 3   4 33   6 32   7 8   9 16   10 18   11 18   12 32   14 16   15 20   17 32   19 16   
8  1     1 25   2 33   3 56   6 48   7 18   8 8   16 8   18 4   
11  5     0 2   1 19   2 1   5 16   6 6   10 7   11 32   13 4   15 1   17 22   18 49   
10  9     0 16   1 12   3 2   5 36   7 1   8 2   9 16   11 32   13 10   18 32   
9  5     2 4   3 44   7 10   8 40   9 11   12 34   13 33   15 25   17 18   
10  6     1 12   2 10   6 18   7 4   9 17   11 6   12 32   14 4   16 1   19 32   
11  8     1 14   2 49   3 2   7 40   8 32   9 24   11 2   13 3   14 4   16 32   17 5   
12  0     0 44   1 13   3 34   5 4   6 16   7 6   8 8   10 1   11 32   12 10   13 17   18 53   
5  3     1 4   3 8   8 1   16 1   18 20   
5  5     1 36   4 19   9 8   14 33   16 13   
13  7     1 5   3 4   5 48   6 6   7 3   9 32   10 8   11 41   12 5   14 25   15 16   16 4   18 33   
8  6     0 27   3 8   9 28   10 1   14 22   15 30   18 32   19 1   
10  7     1 32   2 16   3 2   4 41   6 41   14 16   15 2   16 24   18 6   19 24   
8  6     3 4   7 1   8 14   9 32   10 1   13 9   17 8   19 44   
13  8     0 16   1 32   3 1   4 16   6 9   7 16   8 21   9 32   10 1   12 40   13 32   16 54   17 32   
9  5     0 8   5 32   6 9   9 49   10 34   11 12   14 2   18 32   19 18   
15  10     1 32   2 4   3 2   4 32   5 4   6 1   7 4   8 16   10 10   11 1   13 34   14 1   16 11   17 4   19 41   
8  6     2 32   3 32   4 49   8 2   9 32   12 17   13 36   17 20   
14  9     0 3   1 5   3 3   7 40   8 4   9 28   10 16   11 12   12 8   14 32   15 17   16 33   17 16   19 8   
15  5     0 37   1 7   2 1   3 2   4 24   5 1   6 4   7 32   8 32   9 2   13 16   16 10   17 16   18 24   19 4   
6  7     0 1   4 56   5 6   14 4   16 32   18 9   
11  6     0 12   3 40   5 16   6 40   9 5   11 32   13 50   14 24   15 35   18 1   19 52   
8  7     2 58   5 24   9 5   10 4   14 18   17 8   18 1   19 40   
15  9     0 2   1 32   4 4   5 16   8 5   9 8   10 8   11 48   13 1   14 1   15 40   16 48   17 4   18 16   19 1   
8  0     0 2   1 1   4 24   5 18   6 11   9 8   16 34   19 6   
16  9     0 8   1 36   2 49   3 6   5 4   6 8   7 8   8 49   10 33   11 36   12 20   13 11   15 37   16 1   17 16   18 32   
13  9     1 16   3 10   4 1   5 32   6 4   8 61   9 12   10 17   11 16   12 16   13 6   14 56   15 8   
12  9     0 2   1 16   2 32   5 41   7 56   8 4   10 53   11 20   15 8   16 6   17 16   18 1   
9  5     1 4   5 33   6 48   9 17   10 3   11 48   14 20   15 33   19 6   
16  7     0 4   2 8   4 36   5 1   6 20   7 16   8 52   9 16   11 24   12 1   13 16   14 17   15 1   16 42   17 8   19 32   
11  9     1 35   3 1   6 36   7 8   8 1   9 24   12 7   13 9   17 16   18 2   19 8   
9  4     1 36   2 4   5 16   6 18   10 37   11 33   12 10   15 12   16 8   
9  5     0 1   1 32   5 8   6 9   10 18   11 35   14 14   15 3   19 24   
13  8     0 5   1 36   2 16   5 16   6 2   8 32   9 20   10 34   12 4   13 28   15 32   16 4   17 8   
9  7     1 18   3 16   5 30   6 16   8 6   11 28   15 8   18 4   19 2   
10  6     0 24   2 36   3 32   6 5   7 32   9 12   10 24   11 8   15 18   19 16   
9  8     0 38   1 6   5 18   8 51   9 45   14 33   16 33   17 49   18 18   
8  6     0 12   1 4   5 32   9 32   10 34   14 56   17 50   19 2   
11  0     0 6   1 57   5 6   9 32   10 13   11 32   13 20   14 8   15 1   18 32   19 17   
6  3     8 8   10 34   14 12   15 11   18 36   19 2   
12  9     0 18   1 4   3 2   5 8   8 40   9 48   10 1   13 32   14 14   15 2   16 2   18 4   
15  10     1 12   2 52   3 1   5 24   6 8   8 3   10 2   11 8   12 2   13 4   14 20   15 48   16 44   17 4   19 9   
14  3     0 24   2 16   3 4   4 2   5 4   7 58   8 6   9 5   10 1   12 32   13 4   15 8   18 19   19 2   
10  5     3 9   4 41   6 3   10 4   11 36   13 8   14 3   15 5   16 52   18 34   
9  6     0 56   2 5   6 34   10 39   11 48   12 16   15 32   16 24   17 4   
14  0     0 48   1 4   2 22   3 26   4 2   5 40   6 4   8 2   9 12   10 6   11 2   16 36   17 24   18 49   
7  8     0 19   4 4   6 48   8 17   10 3   11 5   19 25   
6  5     0 36   3 28   5 8   7 1   9 2   18 42   
8  3     1 33   3 6   5 26   7 16   11 6   15 18   16 1   18 8   
6  4     0 34   7 4   10 16   11 1   15 3   17 16   
6  4     1 33   5 30   8 1   11 12   16 1   18 20   
12  7     0 1   3 1   5 44   7 16   9 34   11 20   13 4   14 2   15 8   16 16   17 6   18 24   
7  4     0 2   1 26   5 32   6 8   9 8   14 32   19 12   
13  6     0 8   1 3   2 1   3 41   5 4   6 37   10 8   11 2   13 38   15 4   16 2   17 1   18 3   
16  4     0 9   1 34   4 19   5 49   6 35   7 2   8 8   9 48   10 16   11 5   13 2   14 4   16 8   17 8   18 8   19 20   
10  7     1 32   2 16   7 8   9 32   10 34   11 6   12 8   14 33   15 4   19 2   
11  6     0 1   1 43   6 4   8 8   10 32   13 21   14 6   15 16   16 42   18 17   19 1   
11  0     1 40   2 28   3 32   5 2   6 9   7 33   10 4   14 33   15 8   18 2   19 46   
11  10     1 32   3 3   4 17   5 16   6 20   8 57   13 42   14 32   15 42   17 50   19 33   
13  6     0 40   1 8   2 9   4 33   5 32   9 32   12 1   13 32   14 15   16 2   17 32   18 46   19 40   
15  8     0 20   1 8   4 44   5 10   6 1   7 8   8 2   9 32   12 3   14 1   15 24   16 16   17 36   18 32   19 6   
11  9     1 1   2 6   7 2   9 40   10 28   13 32   14 36   15 6   16 3   17 8   19 28   
13  0     0 26   1 5   6 1   8 2   9 16   10 5   11 8   13 3   14 50   15 49   16 2   18 17   19 32   
10  4     0 32   1 32   4 33   5 22   8 32   9 32   14 52   15 20   16 8   18 1   
9  6     0 38   1 26   2 6   6 25   10 5   13 40   17 12   18 3   19 34   
12  0     1 1   4 49   6 2   8 2   9 14   12 16   13 9   14 18   16 40   17 1   18 1   19 22   
10  7     0 4   2 1   3 48   4 16   7 20   8 5   12 3   13 1   14 8   17 1   
16  8     0 34   1 26   2 4   4 8   5 2   7 18   8 16   9 11   11 33   13 35   14 2   15 16   16 48   17 8   18 8   19 13   
14  7     0 7   1 1   2 48   3 20   5 9   6 52   8 16   10 8   11 16   13 10   14 33   15 48   18 8   19 16   
6  4     5 28   6 57   10 4   14 48   16 40   19 8   
10  8     3 12   4 3   5 1   7 60   9 8   12 49   13 4   14 2   15 2   17 12   
8  4     0 36   2 12   7 1   9 36   10 22   15 2   17 41   19 40   
The following result corresponding the SNR point : 3.9 dB.
8  0     0 4   5 16   9 1   10 17   13 24   14 48   18 1   19 1   
6  0     4 48   8 7   9 40   13 1   14 8   18 56   
5  7     4 33   8 17   11 40   12 36   13 20   
The following result corresponding the SNR point : 3.4 dB.
11  7     0 32   3 10   4 1   5 7   7 10   8 4   9 6   11 2   13 8   15 4   18 10   
16  8     1 24   2 32   3 42   4 32   5 17   6 16   7 4   8 32   9 16   10 3   11 43   12 8   14 2   15 16   18 4   19 5   
13  9     0 1   1 32   2 23   3 19   4 16   5 22   6 6   8 3   10 6   12 4   14 52   16 18   18 5   
11  4     0 9   1 1   3 34   5 2   6 19   7 1   11 10   13 46   15 2   17 4   18 9   
14  8     0 12   1 48   3 8   4 4   6 33   7 32   8 41   9 11   10 1   11 12   13 32   15 33   17 16   19 32   
9  6     0 8   3 1   5 12   8 1   11 40   13 3   15 48   16 33   18 4   
9  7     2 10   4 6   7 8   8 41   10 24   13 32   15 40   17 36   19 32   
8  8     3 8   5 4   8 18   9 8   11 9   14 8   16 32   18 17   
7  4     0 34   2 8   5 5   7 40   10 16   15 6   17 16   
13  6     1 38   2 10   4 40   5 34   7 25   10 44   11 1   12 1   13 41   14 18   16 42   18 20   19 16   
The following result corresponding the SNR point : 4.2 dB.
12  0     0 4   1 8   4 25   5 24   8 18   9 18   11 24   13 26   14 4   15 16   16 35   18 8   
11  0     0 6   1 57   5 6   9 32   10 13   11 32   13 20   14 8   15 1   18 32   19 17   
9  5     2 32   4 33   7 8   9 34   11 5   12 34   16 4   17 4   19 8   
12  10     1 8   2 44   3 10   5 4   6 10   8 8   10 8   12 1   13 32   16 9   18 41   19 16   
9  7     0 4   1 5   2 22   5 25   9 33   10 20   12 7   17 34   19 4   
4  5     0 1   9 5   13 11   17 4   
7  0     4 16   8 2   9 41   12 16   14 21   17 1   18 40   
13  7     2 32   3 16   4 7   6 32   7 40   8 2   9 4   11 2   12 1   13 56   16 18   18 32   19 4   
The following result corresponding the SNR point : 1.4 dB.
105  71     1 4   2 42   8 25   11 16   12 196   13 144   14 132   16 8   18 2   19 64   20 20   25 64   26 20   27 82   29 82   30 1   31 2   32 196   35 15   39 16   43 147   45 3   47 32   52 224   53 65   54 65   55 3   56 137   57 84   59 68   62 88   64 16   65 136   66 4   67 10   73 32   74 64   75 64   78 64   80 36   82 1   83 129   87 9   88 32   89 149   91 130   93 32   94 210   98 168   103 96   104 130   105 68   109 138   117 4   120 4   121 1   122 80   123 8   124 2   126 42   127 4   128 65   130 65   131 131   132 32   138 128   139 24   144 158   146 4   148 96   149 68   151 20   153 8   154 48   158 32   161 2   163 16   164 32   165 74   170 64   174 16   175 1   176 32   177 230   181 16   182 129   183 208   190 8   193 132   194 48   195 110   201 3   202 38   203 26   204 210   208 64   209 65   211 3   215 8   220 2   225 8   226 160   228 38   231 16   235 133   
6  6     14 97   28 158   76 16   89 149   166 25   178 35   
1  3     44 1   
2  4     97 84   213 170   
12  5     8 40   22 53   42 114   70 202   90 23   100 240   114 146   160 4   167 161   172 117   179 38   222 34   
The following result corresponding the SNR point : 1.4 dB.
105  71     1 4   2 42   8 25   11 16   12 196   13 144   14 132   16 8   18 2   19 64   20 20   25 64   26 20   27 82   29 82   30 1   31 2   32 196   35 15   39 16   43 147   45 3   47 32   52 224   53 65   54 65   55 3   56 137   57 84   59 68   62 88   64 16   65 136   66 4   67 10   73 32   74 64   75 64   78 64   80 36   82 1   83 129   87 9   88 32   89 149   91 130   93 32   94 210   98 168   103 96   104 130   105 68   109 138   117 4   120 4   121 1   122 80   123 8   124 2   126 42   127 4   128 65   130 65   131 131   132 32   138 128   139 24   144 158   146 4   148 96   149 68   151 20   153 8   154 48   158 32   161 2   163 16   164 32   165 74   170 64   174 16   175 1   176 32   177 230   181 16   182 129   183 208   190 8   193 132   194 48   195 110   201 3   202 38   203 26   204 210   208 64   209 65   211 3   215 8   220 2   225 8   226 160   228 38   231 16   235 133   
6  6     14 97   28 158   76 16   89 149   166 25   178 35   
1  3     44 1   
2  4     97 84   213 170   
12  5     8 40   22 53   42 114   70 202   90 23   100 240   114 146   160 4   167 161   172 117   179 38   222 34   
28  19     7 7   16 96   50 32   60 137   67 80   68 92   74 8   78 34   84 69   85 32   91 81   92 132   101 74   116 160   142 34   149 48   162 68   168 26   169 8   174 136   180 167   181 34   196 226   203 113   207 66   214 20   224 33   231 33   
3  6     2 131   72 12   208 48   
6  4     9 10   23 112   43 38   71 223   101 73   161 18   
7  8     26 22   46 1   56 169   87 108   133 32   164 115   176 2   
7  3     3 8   37 140   95 146   155 44   184 72   211 82   228 4   
4  5     82 241   89 105   146 8   228 155   
7  6     15 168   29 237   49 2   77 19   90 37   167 144   179 4   
10  0     11 42   32 89   62 13   86 232   144 183   150 8   163 98   175 23   198 39   232 137   
13  15     8 213   15 71   29 114   49 8   77 206   100 9   101 134   114 133   141 4   160 163   161 168   206 16   222 1   
31  22     5 162   12 162   15 2   19 48   46 200   66 193   73 48   74 128   80 161   84 10   87 72   91 193   97 99   111 129   131 96   137 9   138 162   144 192   148 146   157 36   164 227   167 198   176 80   179 80   186 42   192 96   202 105   209 34   219 99   226 5   236 241   
25  25     3 18   11 41   37 18   54 7   62 134   73 20   80 14   85 112   86 1   95 50   109 132   110 120   122 67   124 65   143 170   155 35   162 50   163 134   184 1   192 140   217 139   218 50   219 68   225 146   234 144   
8  7     100 51   107 10   151 107   153 2   160 20   172 5   182 137   232 116   
3  3     89 25   166 145   178 146   
53  27     1 38   11 104   16 128   19 168   25 24   26 160   30 10   31 140   32 35   35 2   39 90   45 34   50 114   55 20   56 146   62 80   67 32   73 97   80 70   84 133   87 68   91 8   93 70   97 4   111 129   117 85   120 68   122 4   138 4   143 14   144 16   153 40   156 202   157 32   164 88   168 192   175 6   176 32   180 197   182 128   186 6   190 4   191 6   192 162   198 97   203 18   209 80   213 18   219 20   225 24   226 5   231 88   236 48   
49  40     0 1   7 2   17 7   20 225   21 8   29 33   34 16   37 55   41 136   51 136   53 147   54 48   60 48   64 132   69 128   71 48   75 136   86 33   92 130   93 96   95 32   98 20   99 144   106 132   112 136   121 16   130 24   146 250   149 101   150 80   152 160   153 16   155 4   158 19   159 18   170 40   181 199   182 60   184 33   187 2   200 196   204 15   208 42   215 128   217 153   231 18   232 97   234 144   237 1   
101  55     2 132   3 84   4 33   8 40   9 70   10 10   16 102   18 64   19 40   21 9   22 56   30 1   31 64   36 200   38 16   42 156   43 129   45 1   49 10   52 66   53 128   54 3   55 194   57 136   59 18   61 64   66 66   69 16   70 6   71 8   73 64   75 4   76 64   78 139   82 49   86 4   91 12   94 12   95 8   96 36   97 164   99 1   100 208   106 49   108 64   109 160   110 40   114 184   115 16   117 66   119 168   120 32   125 36   127 4   128 35   130 144   132 16   134 72   135 170   137 164   139 16   140 19   148 32   151 132   153 112   154 32   155 160   156 128   160 1   162 98   163 152   168 168   171 1   172 40   175 5   183 16   184 168   185 76   186 108   187 23   190 48   191 32   195 21   196 64   198 80   202 35   204 74   205 128   206 128   207 132   216 136   217 128   219 129   222 4   225 24   230 16   231 100   233 131   234 129   235 80   236 128   
34  28     4 1   11 130   12 16   24 2   26 80   44 42   46 111   55 1   61 228   62 170   65 161   72 5   73 202   74 240   87 208   110 50   111 2   131 72   133 25   136 16   143 8   147 240   157 96   164 5   174 108   175 202   176 44   191 168   201 8   208 146   218 130   219 17   225 143   235 8   
8  7     15 227   29 16   49 162   77 36   83 8   90 141   167 96   179 17   
121  50     1 6   4 14   5 19   6 176   7 4   9 96   10 32   11 156   13 4   15 38   18 37   19 22   20 18   21 48   22 36   23 65   25 47   28 64   29 20   30 34   32 64   38 1   39 64   40 112   41 128   42 65   43 1   44 17   47 24   51 18   52 128   53 64   56 4   57 14   58 192   59 3   66 12   68 173   69 144   70 4   71 36   73 4   75 148   77 128   80 129   83 129   84 77   85 32   86 8   88 128   90 64   93 2   96 20   98 32   99 3   101 132   104 2   105 8   107 69   108 69   109 192   112 136   114 18   115 34   119 136   123 1   125 48   126 68   127 68   128 32   129 1   130 21   132 16   134 9   138 64   139 66   140 64   141 28   147 8   148 2   151 100   152 64   157 192   158 40   159 9   160 33   161 32   162 34   165 4   167 80   170 2   171 132   172 2   173 4   177 67   179 8   180 4   186 88   188 18   189 5   192 8   195 65   196 36   197 16   198 64   200 1   202 17   204 16   206 128   209 8   210 144   212 32   213 32   218 64   219 128   221 8   222 4   229 16   230 2   232 160   237 96   
87  53     2 1   3 8   4 8   10 80   12 168   13 58   15 36   18 140   23 1   24 32   25 48   26 140   29 20   36 16   37 150   43 160   44 74   46 164   49 8   50 5   52 8   53 162   54 8   55 5   61 4   65 64   70 13   72 232   74 64   77 2   78 130   79 137   82 4   83 38   85 6   87 2   90 56   94 32   95 66   96 8   108 81   109 20   111 35   115 200   118 14   120 64   121 6   123 145   129 12   131 17   136 136   141 133   143 128   147 8   151 1   152 136   154 6   155 40   156 12   163 12   167 32   173 73   174 8   175 32   176 17   179 64   184 190   189 25   191 37   199 144   200 16   201 18   203 33   206 133   207 1   208 34   210 2   216 160   217 16   218 16   223 135   224 214   225 1   226 34   229 148   234 144   235 71   
20  10     2 65   4 151   36 41   38 33   55 8   73 41   79 72   86 2   94 160   121 8   123 89   137 160   143 134   154 32   156 208   163 80   175 2   183 13   208 136   225 129   
8  2     76 8   100 40   107 5   140 6   160 52   172 116   205 37   222 72   
2  4     137 58   157 104   
10  9     5 70   39 82   48 179   65 121   84 217   89 109   97 41   104 232   157 166   186 39   
16  14     10 24   24 129   30 32   44 105   54 81   72 145   136 136   142 1   149 62   162 72   168 96   174 66   190 193   218 69   224 80   235 26   
7  4     7 2   21 228   41 144   69 134   99 13   159 21   171 44   
41  35     5 4   10 112   19 41   26 64   31 4   35 68   39 29   55 36   56 26   61 130   74 148   78 16   84 193   87 8   91 150   97 64   105 24   111 4   137 128   138 16   143 8   144 50   148 13   157 12   158 120   164 64   170 1   176 216   186 10   191 6   192 12   197 4   202 138   203 128   209 49   213 65   225 48   226 8   230 108   231 50   236 8   
86  58     0 239   2 1   4 224   5 50   7 27   11 164   13 65   17 146   18 8   19 1   21 2   25 8   27 70   28 160   29 4   31 214   32 165   36 145   38 196   45 2   49 12   51 78   53 8   55 16   58 18   60 5   62 72   64 146   66 73   69 65   73 64   75 128   77 135   82 32   84 2   86 4   88 128   90 26   92 72   93 219   95 20   96 33   99 130   102 162   103 140   114 36   119 160   123 37   126 101   130 67   134 24   137 33   140 17   144 160   146 48   147 24   148 32   150 16   151 36   152 1   154 8   155 66   156 8   163 37   165 133   167 10   171 64   184 128   185 4   189 56   194 16   196 97   198 81   202 148   204 16   210 1   212 33   215 19   217 140   219 96   221 1   227 72   228 80   232 64   233 8   236 16   
7  9     9 37   43 18   71 112   102 144   161 32   173 148   184 224   
100  63     1 1   2 24   7 4   11 82   13 28   17 144   21 129   22 48   23 80   24 136   25 33   26 46   27 36   32 4   35 82   43 64   44 8   47 48   50 20   51 16   52 16   53 16   54 34   56 37   58 1   62 72   66 154   70 133   71 140   72 130   74 140   76 32   77 128   88 8   90 136   91 24   93 36   99 2   101 210   105 79   107 17   108 193   109 152   112 12   113 163   117 132   120 17   121 16   122 17   126 16   128 136   129 64   130 50   131 133   134 2   135 64   136 17   138 132   139 8   140 122   143 6   148 164   150 6   151 4   152 64   153 129   156 20   160 2   161 205   165 3   167 138   168 132   172 32   177 1   179 96   180 3   182 136   185 88   187 205   188 5   189 76   194 129   196 144   198 144   199 12   200 64   203 16   204 4   205 59   206 128   208 20   213 1   215 1   217 4   218 4   221 34   222 83   230 65   232 2   235 82   
57  37     2 5   3 129   5 163   9 133   10 36   18 230   19 36   23 68   24 2   29 193   32 8   44 82   53 8   61 17   66 68   72 226   78 4   80 8   83 48   85 2   93 16   94 24   96 33   97 16   101 120   104 129   108 73   109 67   110 172   117 2   118 2   120 32   122 1   144 66   147 64   148 128   152 84   153 88   157 1   162 130   167 20   173 1   175 162   183 135   186 169   189 68   190 17   196 73   202 57   212 80   218 80   219 65   225 68   229 53   233 160   235 32   236 36   
48  37     0 32   10 58   11 32   12 95   23 99   31 64   34 105   43 4   51 16   54 225   60 144   69 152   71 151   79 136   86 177   92 162   93 2   95 96   96 12   101 128   110 37   116 49   117 130   119 9   122 115   130 41   131 196   150 48   152 128   153 16   163 68   169 64   173 241   181 18   182 8   185 166   191 131   195 145   198 16   201 34   206 4   207 160   208 41   215 4   217 8   225 32   232 153   235 9   
43  28     7 24   9 150   13 136   17 4   23 138   27 96   47 16   50 32   64 32   71 128   75 36   77 188   84 2   88 66   95 12   101 104   115 1   126 64   141 5   142 65   146 131   148 129   152 2   155 177   159 9   161 128   163 36   165 34   168 66   173 65   177 178   180 201   184 138   194 10   196 133   198 82   200 168   204 10   213 32   217 56   223 4   230 7   234 65   
132  72     1 16   5 208   6 76   9 32   10 200   11 12   12 192   13 128   14 56   17 1   19 10   21 4   22 72   23 21   24 40   25 48   26 8   27 2   28 12   29 64   39 66   42 80   43 16   44 42   46 101   47 16   48 32   49 216   53 162   57 37   58 17   59 48   60 18   62 24   63 40   65 16   66 160   70 160   71 48   72 2   73 12   75 98   76 56   77 2   78 48   82 96   84 160   85 192   86 160   87 134   88 128   89 136   90 8   95 8   97 67   98 4   99 6   100 194   104 8   105 136   107 64   109 128   111 72   112 176   113 82   114 66   115 18   119 2   121 66   126 194   128 9   131 76   132 8   133 1   134 4   138 28   139 6   140 17   142 13   144 64   146 160   148 17   150 16   152 18   157 6   158 196   159 18   160 1   161 33   162 2   163 130   164 128   165 4   166 2   167 129   170 16   172 64   173 69   174 32   176 128   177 25   178 2   179 64   180 32   184 104   186 24   189 12   190 8   192 8   194 33   198 140   199 10   200 2   201 1   202 34   204 32   205 49   206 224   207 109   208 26   211 20   219 1   220 128   221 4   222 128   223 9   224 5   226 33   229 24   234 64   236 1   237 16   
31  21     10 138   12 2   16 3   24 1   30 8   31 75   44 65   46 73   61 16   65 24   67 19   72 52   85 133   91 192   96 65   98 17   105 43   116 192   131 32   133 192   136 81   142 5   149 136   162 49   164 19   174 2   197 136   201 72   218 104   220 4   224 82   
6  0     1 134   32 130   35 183   80 119   153 40   182 29   
115  59     1 64   2 16   3 64   4 4   7 4   10 64   15 4   16 74   18 8   20 192   21 84   24 184   26 200   29 7   30 149   32 2   33 128   36 2   38 73   39 133   41 1   44 41   47 4   48 192   50 25   52 12   53 64   54 16   55 12   56 132   58 132   65 128   67 64   69 17   72 24   76 4   78 66   80 8   81 224   83 16   85 9   87 137   90 13   91 32   93 26   94 16   95 2   96 32   99 33   104 6   106 56   107 19   109 192   112 195   114 129   118 32   120 44   122 48   123 34   125 16   130 129   133 64   134 130   135 32   136 1   137 24   138 129   140 12   141 1   144 138   147 153   149 20   150 72   155 8   156 201   159 208   162 20   165 64   167 2   168 8   171 6   172 1   174 4   179 6   180 160   183 32   184 137   185 72   186 192   188 128   189 104   190 16   193 80   197 9   198 24   201 64   202 80   203 16   204 8   207 1   209 5   210 49   212 18   213 2   215 132   217 168   218 192   222 16   226 64   229 8   232 50   233 128   235 45   236 17   237 12   
6  0     1 145   32 8   35 18   80 189   153 147   182 137   
6  5     14 153   28 70   48 204   89 48   166 154   178 7   
69  42     3 148   7 133   9 64   14 88   16 1   17 8   21 4   23 148   28 8   30 208   32 156   35 23   37 32   41 180   50 4   51 100   52 201   53 41   54 13   60 12   62 32   64 2   67 210   69 35   71 96   76 88   77 131   78 80   80 50   82 40   91 3   93 96   95 145   99 65   101 2   106 27   108 4   113 8   115 25   119 145   120 48   122 98   128 20   130 2   136 66   141 66   142 8   144 210   152 4   153 24   155 10   161 192   166 12   168 51   171 16   173 128   178 40   180 3   182 72   184 10   188 40   189 65   194 17   198 132   201 152   206 97   211 2   215 128   223 42   
90  66     6 8   7 48   8 128   14 8   20 169   23 36   25 32   26 10   27 32   28 213   30 32   33 161   39 242   42 81   46 48   47 49   56 144   58 4   59 12   62 6   63 64   65 96   66 144   67 201   68 187   70 144   74 128   76 64   87 24   100 128   101 128   102 77   103 114   104 96   106 20   108 169   109 12   110 34   113 82   114 64   115 9   124 22   126 17   127 82   130 144   132 76   133 129   135 89   138 132   139 65   140 64   142 2   144 32   145 152   147 1   149 16   151 16   159 96   160 74   166 5   167 2   168 50   171 8   172 88   173 4   175 20   176 36   178 32   180 136   190 84   192 64   193 144   196 33   199 32   200 34   201 9   202 44   203 128   205 192   211 4   213 8   221 32   222 67   223 137   224 160   226 9   227 33   233 8   235 194   237 76   
87  60     0 198   3 80   4 33   7 18   9 1   12 148   15 33   16 2   17 72   21 72   26 65   30 66   31 3   33 130   38 48   39 4   43 80   50 2   60 131   65 96   66 8   78 1   80 16   81 32   85 74   87 148   88 132   90 128   92 182   95 210   96 4   98 36   99 16   102 138   104 5   105 8   106 64   108 224   118 16   119 104   122 161   123 48   125 128   130 16   131 3   133 6   138 130   142 9   144 32   145 130   155 9   156 21   159 84   161 2   163 26   165 75   167 8   168 1   171 32   176 1   177 128   179 82   180 164   184 130   190 4   192 4   193 39   194 41   198 1   201 1   202 2   203 69   206 44   207 18   209 10   210 145   212 144   218 17   220 130   224 16   226 64   227 147   229 8   230 12   233 49   235 192   237 118   
7  3     5 4   19 45   39 68   84 5   97 44   157 9   186 70   
6  2     82 8   89 162   146 34   166 88   211 3   228 169   
56  58     0 82   2 1   4 1   5 16   10 4   11 108   31 37   44 32   52 2   53 32   54 60   63 40   66 69   70 1   71 16   78 38   79 128   80 32   82 33   85 80   87 36   92 96   93 32   94 32   109 210   118 152   119 136   120 10   121 18   123 32   124 132   132 16   138 4   142 208   144 42   151 8   155 16   156 32   162 209   164 148   165 70   169 54   174 64   181 176   183 128   187 81   190 74   191 72   192 84   199 4   207 11   208 48   209 2   218 224   224 66   235 160   
76  55     1 10   3 34   6 28   8 4   14 8   17 200   26 17   28 100   32 6   35 34   37 128   39 3   40 44   42 36   48 112   54 8   56 2   59 2   61 6   70 132   74 129   76 45   82 69   86 72   87 80   89 8   93 34   94 96   95 34   98 138   103 33   110 52   112 8   117 40   118 32   122 98   124 66   129 26   130 132   133 33   136 64   138 240   140 166   144 40   145 56   151 128   153 3   154 64   155 8   160 9   163 4   166 32   169 80   175 1   177 132   178 16   182 4   183 226   184 10   188 64   191 8   192 36   193 65   195 98   197 2   201 66   205 74   209 96   211 33   216 24   225 34   226 128   227 11   228 136   233 2   237 6   
52  47     0 51   2 144   14 17   20 132   24 9   33 64   34 16   36 18   37 8   48 76   53 2   57 3   65 80   67 26   68 32   71 2   74 4   81 11   85 99   88 8   94 32   98 1   109 6   110 122   113 35   116 2   118 193   121 4   124 16   135 91   136 16   138 10   144 64   149 214   155 18   166 1   170 64   183 9   184 192   189 129   193 64   201 13   203 141   210 171   211 69   214 49   216 4   220 64   229 42   232 144   234 131   237 72   
9  7     27 128   75 112   88 155   98 32   158 38   165 20   170 16   177 24   237 59   
59  35     3 52   4 65   5 100   10 24   12 20   13 8   20 176   24 10   27 161   30 78   44 41   47 37   54 60   55 98   63 36   64 28   66 133   70 28   72 34   74 33   75 8   78 56   81 128   85 35   88 48   97 98   102 65   103 2   112 65   122 193   123 56   129 139   131 34   134 85   136 200   137 120   142 72   145 4   147 137   155 96   156 80   162 134   165 1   174 80   176 64   177 16   185 129   190 44   193 150   197 26   199 49   201 84   202 32   210 128   218 16   227 36   230 164   235 56   236 160   
1  2     155 24   
125  79     1 128   2 194   3 24   4 19   7 2   8 24   10 84   13 8   14 1   16 16   17 9   21 90   22 96   24 32   26 161   27 1   28 5   29 4   31 18   33 16   34 8   35 9   36 146   37 64   41 65   42 6   43 16   46 4   47 8   48 69   50 56   51 64   53 89   56 146   59 138   60 16   61 163   63 12   64 12   67 32   69 8   70 163   72 194   73 130   74 32   75 9   76 144   78 8   81 128   85 32   88 3   89 114   91 9   93 65   95 16   99 136   100 12   107 128   109 130   112 129   113 1   115 1   116 5   117 2   118 16   122 139   123 33   125 16   128 250   129 149   131 64   133 64   135 196   138 36   139 1   140 66   141 96   143 8   145 4   148 72   150 66   153 5   154 28   155 75   156 147   159 32   160 64   165 6   166 12   168 192   171 138   173 2   176 22   177 4   178 34   180 8   181 192   182 64   184 16   187 80   188 32   190 2   191 16   195 2   196 68   197 170   200 8   201 64   203 2   204 70   207 3   209 4   210 32   211 2   215 2   217 28   218 67   221 64   222 4   223 69   224 68   227 16   229 64   230 16   234 48   
88  53     2 10   5 135   6 2   8 34   13 64   15 64   16 65   20 1   28 32   29 136   30 184   31 2   33 180   37 5   40 40   44 132   50 3   53 64   56 128   57 4   58 8   59 40   61 78   67 56   72 1   73 2   76 12   77 68   78 64   81 48   83 4   85 6   89 2   90 160   91 192   94 36   95 130   98 9   102 16   104 171   109 208   112 4   115 32   116 117   123 41   124 192   125 35   127 16   131 1   132 8   134 32   135 1   139 64   141 73   142 1   143 148   145 128   147 10   149 64   150 18   155 240   157 96   158 1   162 136   165 136   168 104   170 66   174 10   180 64   181 232   184 188   189 37   191 5   193 12   195 132   197 68   202 52   204 129   205 26   207 16   210 163   211 195   212 20   219 64   228 240   229 66   231 64   237 130   
22  23     7 140   21 137   25 82   35 25   41 16   42 41   58 17   67 24   69 138   93 1   99 22   100 19   107 128   120 10   150 160   153 32   159 130   160 69   171 32   172 154   182 136   215 72   
14  13     5 64   19 66   23 8   30 20   39 52   84 1   97 10   120 40   126 72   157 74   162 17   174 68   186 195   213 194   
16  11     0 10   31 4   34 142   79 164   86 130   92 18   93 244   117 74   143 5   153 129   163 40   169 6   175 201   182 228   208 129   225 42   
7  0     76 153   100 162   140 163   160 193   172 162   205 34   222 37   
20  11     4 64   18 66   38 37   55 69   66 12   73 136   77 17   83 2   90 16   96 72   104 18   147 192   156 64   157 17   179 1   185 1   186 5   212 66   229 2   236 147   
29  12     5 80   6 6   16 17   19 12   30 96   39 68   50 105   56 1   58 3   74 17   78 11   84 10   91 156   97 6   120 10   133 61   138 13   140 78   148 138   157 8   168 4   180 18   186 33   188 69   203 36   213 1   220 108   223 132   230 154   
77  48     1 34   6 16   8 42   14 64   15 96   16 133   20 16   27 168   28 9   29 81   30 2   35 69   40 46   41 144   42 10   47 30   49 66   50 160   51 1   58 37   59 80   61 163   65 140   66 3   67 129   68 4   74 2   76 72   77 1   84 108   91 36   100 28   105 17   106 72   107 5   113 65   114 200   115 4   117 4   127 64   133 49   134 8   135 4   138 38   139 10   141 16   147 9   148 50   149 132   150 144   158 68   160 84   166 138   167 10   168 128   170 34   171 9   172 128   177 144   179 21   180 130   190 32   195 160   196 2   203 51   204 129   205 2   213 8   214 72   215 66   220 192   221 68   222 65   229 21   230 74   231 145   237 200   
6  11     7 26   76 24   78 64   108 96   115 164   173 64   
6  7     93 130   107 161   150 32   182 24   215 36   232 30   
64  45     0 146   2 135   5 26   6 4   9 128   11 137   12 65   16 140   19 2   20 207   26 2   34 136   36 4   40 100   43 86   45 5   46 96   53 2   55 132   56 4   60 16   63 96   68 16   71 7   74 153   79 144   81 224   86 132   87 136   95 114   98 74   105 16   111 64   116 8   118 73   121 121   123 97   130 128   137 193   144 8   145 17   148 17   152 32   154 49   157 64   163 81   164 64   169 16   175 32   176 112   184 1   186 136   191 80   192 16   193 66   208 164   213 72   214 12   217 128   219 194   220 1   226 16   236 8   237 104   
53  44     2 64   5 18   6 44   18 128   20 182   27 17   31 72   38 196   40 176   50 18   57 4   61 88   63 76   64 213   65 18   67 65   68 2   78 145   79 194   83 49   89 8   92 12   98 98   104 152   106 128   113 13   121 2   123 18   125 129   127 64   135 129   138 233   143 135   146 34   147 50   149 32   154 32   158 68   166 35   170 136   171 142   185 24   186 202   195 44   197 2   203 2   210 128   220 16   221 12   228 96   229 128   231 73   236 4   
11  3     82 128   89 106   96 4   103 45   146 26   156 17   166 99   178 2   185 129   211 58   228 96   
10  8     8 64   22 91   42 114   52 101   70 241   100 84   160 201   172 43   205 161   233 74   
6  0     1 26   32 7   35 198   80 140   153 210   182 19   
18  24     14 202   46 192   56 146   58 76   65 147   82 24   133 21   135 2   140 67   146 98   166 180   167 2   172 222   176 144   178 84   179 6   194 35   228 156   
17  14     25 216   29 65   31 35   34 176   49 251   77 34   79 165   90 133   92 7   119 68   143 4   167 1   169 200   179 68   181 181   208 152   225 38   
52  34     0 132   11 24   20 192   26 140   27 212   31 50   32 152   34 139   40 16   52 12   62 8   67 193   79 4   80 33   81 52   86 33   87 48   88 66   91 86   92 97   93 32   98 17   108 66   112 64   117 64   118 129   119 48   144 94   150 64   153 20   158 34   161 72   165 28   169 12   170 144   177 38   181 4   182 8   183 8   187 4   198 37   203 73   206 53   208 21   209 32   210 172   214 12   226 34   231 48   232 32   233 4   237 17   
17  7     6 67   20 10   40 3   68 96   83 146   90 5   98 65   125 85   127 6   147 89   158 112   167 96   170 16   179 132   195 32   212 6   229 58   
71  44     3 128   12 52   13 1   14 24   16 83   17 130   27 72   28 162   30 80   37 2   45 18   46 128   47 8   48 169   54 66   56 48   58 136   63 4   64 161   67 40   72 128   73 105   74 4   81 2   82 128   87 168   89 16   91 56   95 64   96 45   97 20   99 38   102 178   103 9   106 54   110 196   111 8   112 16   113 168   123 162   132 64   133 129   135 130   136 64   138 66   139 5   145 195   155 68   156 201   159 97   164 32   166 128   171 144   176 32   177 128   178 136   184 4   185 24   190 32   201 4   203 2   204 41   210 105   211 11   218 166   219 64   221 1   227 16   228 130   235 9   236 1   
22  15     3 116   9 128   17 1   23 4   30 73   37 36   60 81   71 36   95 172   101 56   120 48   141 72   142 21   152 12   155 10   161 44   173 36   184 2   189 2   190 193   217 160   223 113   
13  13     2 67   33 20   36 209   70 8   81 64   88 140   94 96   145 81   154 51   165 193   183 137   199 129   210 26   
13  8     15 208   29 8   49 148   77 96   90 1   101 22   141 69   161 130   167 3   173 145   179 136   206 33   223 160   
46  30     2 20   7 64   11 136   13 21   15 16   25 16   27 128   29 1   33 193   45 118   49 129   61 142   73 108   74 231   75 193   77 17   79 1   90 69   94 41   99 3   106 3   111 34   119 64   121 132   134 32   137 8   139 180   143 133   154 98   159 16   163 17   164 12   165 56   167 113   171 66   175 132   177 2   179 180   183 8   187 16   189 7   193 2   202 65   204 86   208 64   219 8   
47  33     3 163   7 115   11 144   13 227   17 32   25 32   27 64   37 196   41 194   45 1   49 49   58 69   73 1   75 19   77 161   82 36   86 226   89 32   90 129   95 162   102 2   113 4   114 144   119 128   130 80   132 10   134 32   139 66   146 160   155 128   163 4   166 81   175 72   177 49   178 194   179 80   184 1   187 32   194 66   200 129   202 72   204 66   211 7   215 8   217 32   221 42   234 25   
6  8     26 133   46 163   65 32   87 92   164 100   176 8   
39  33     5 32   11 196   12 168   17 87   19 8   21 22   32 8   37 33   45 2   46 128   51 170   62 1   63 1   64 163   69 164   75 128   80 68   82 8   93 49   95 192   99 11   110 235   124 62   126 36   144 8   150 210   153 12   157 36   163 64   164 148   182 73   184 40   187 24   192 20   194 73   198 10   204 129   215 4   232 66   
60  33     1 80   4 136   8 72   12 220   17 68   18 2   19 8   22 145   32 66   35 2   38 12   39 9   42 7   52 76   54 21   55 4   58 24   70 129   72 67   80 162   82 2   83 83   84 176   87 24   93 128   96 144   103 128   104 22   111 224   113 5   118 8   122 24   126 4   136 64   144 4   146 32   147 4   151 32   153 181   164 168   172 202   176 112   182 217   183 161   184 37   185 80   186 8   192 128   194 138   195 165   199 12   209 2   211 249   216 1   218 128   222 171   226 41   233 6   235 6   236 6   
6  6     5 162   19 158   82 40   97 55   157 165   186 98   
95  67     1 64   5 4   6 66   9 65   10 64   12 217   13 68   16 131   19 4   26 68   30 5   32 128   41 2   46 149   49 37   52 44   53 32   55 80   63 144   65 128   66 34   67 198   68 17   70 34   74 4   80 160   84 64   85 32   88 48   91 40   93 29   95 16   97 1   98 139   99 72   101 8   102 6   104 132   105 104   108 136   109 32   111 5   112 8   115 32   118 16   122 2   127 1   129 4   132 164   134 152   136 24   137 68   138 162   141 2   145 128   148 163   149 81   151 132   154 8   155 128   158 17   159 2   161 16   162 57   170 136   173 16   174 210   176 232   177 132   180 24   184 2   186 128   187 5   189 140   190 2   192 32   194 18   196 165   197 36   199 28   202 170   203 16   206 64   209 1   213 96   216 82   219 201   220 8   227 32   229 20   230 16   233 9   234 1   235 89   237 1   
130  80     0 8   1 10   2 136   3 10   4 130   6 2   7 24   8 128   12 17   13 80   14 1   15 82   17 128   18 52   22 42   24 6   25 2   27 4   28 132   31 66   35 65   37 1   38 16   40 80   41 128   42 4   46 66   47 64   48 162   49 34   52 16   53 129   54 36   55 8   58 54   60 9   61 4   64 12   66 64   67 24   70 68   72 10   74 57   75 104   77 44   78 34   82 5   83 144   86 64   88 9   92 8   95 24   96 96   98 128   99 130   100 2   102 8   103 8   105 32   106 160   107 24   109 224   110 64   114 3   117 48   119 4   120 32   121 16   122 130   123 132   125 72   128 129   129 132   131 18   133 16   134 8   135 96   137 205   139 128   140 24   141 2   142 32   146 64   151 1   153 68   155 58   158 35   159 40   160 33   164 6   165 36   166 4   167 42   171 32   172 192   174 32   175 32   177 1   178 198   181 80   183 16   185 2   187 16   188 22   189 22   190 10   194 136   199 96   201 64   202 3   203 68   205 192   206 22   207 76   209 32   210 129   211 96   215 4   216 4   220 40   221 33   222 36   223 40   224 6   225 154   228 168   231 128   233 48   235 32   237 44   
The following result corresponding the SNR point : 1.4 dB.
14  8     32 42   35 8   80 66   87 172   94 114   118 130   144 118   154 50   164 128   176 39   182 181   183 221   209 65   226 160   
8  8     30 90   50 40   78 224   85 112   91 65   162 29   168 20   180 163   
4  7     3 92   89 48   91 192   168 45   
64  45     1 65   2 98   6 11   7 195   8 192   14 141   21 129   22 132   23 76   33 208   35 133   36 48   37 17   40 140   47 32   48 33   52 129   53 7   56 73   58 130   59 154   69 32   74 133   75 128   81 48   88 69   93 128   94 28   98 40   99 34   100 32   101 72   102 23   105 16   107 144   108 158   118 73   124 2   127 16   133 96   135 1   139 36   145 16   151 3   154 160   158 197   161 66   165 8   170 168   172 52   173 73   177 60   182 76   183 2   192 32   204 188   210 72   211 8   215 233   222 32   223 66   226 153   227 144   233 6   
6  0     17 121   37 98   82 16   95 194   155 224   184 232   
1  2     71 128   
14  13     30 192   44 192   50 224   72 12   78 80   85 1   91 72   142 3   162 78   174 12   180 170   185 48   207 16   224 225   
56  24     0 24   2 138   4 3   11 72   18 64   25 211   29 4   31 208   34 128   36 4   47 32   49 148   55 113   62 81   77 10   79 17   81 72   83 64   86 2   90 129   92 132   94 81   95 2   96 77   101 11   102 149   118 151   119 10   121 176   123 161   125 4   130 10   137 128   141 16   143 4   145 8   150 39   154 8   155 208   156 128   163 5   167 16   169 40   175 160   179 25   181 16   183 16   184 137   185 65   191 9   193 76   198 4   208 8   212 19   217 4   225 38   
70  40     0 133   5 141   6 26   9 226   14 40   15 97   16 224   20 32   24 42   27 25   29 8   30 80   39 48   40 16   47 48   49 73   50 133   56 4   57 51   59 16   60 160   66 128   67 18   68 52   74 160   75 137   77 64   84 226   85 64   90 11   91 68   92 20   97 67   98 8   104 113   105 6   112 1   113 8   115 17   116 33   119 33   133 152   134 8   138 108   139 3   141 76   149 20   157 32   158 204   162 5   166 19   168 74   174 133   177 178   179 111   180 131   181 3   186 208   187 96   196 161   201 201   203 193   207 72   211 38   213 140   214 52   224 33   230 11   231 161   237 161   
14  7     40 65   74 210   88 65   92 68   98 210   112 196   138 24   165 2   169 109   170 9   181 2   214 42   220 2   237 129   
2  3     101 33   173 212   
95  50     2 4   3 149   4 74   5 32   7 128   9 64   13 137   15 130   16 16   17 64   18 12   21 14   26 130   27 33   29 48   33 1   36 2   37 1   38 4   39 3   40 73   43 162   45 26   49 67   53 18   54 72   57 1   62 44   64 160   71 4   73 2   75 41   77 162   81 129   82 129   88 128   90 128   94 2   96 160   99 4   102 44   103 4   112 100   118 3   119 64   123 17   124 114   125 2   126 84   132 16   134 44   135 36   137 7   138 40   139 166   143 131   144 64   146 16   152 3   154 48   156 37   157 24   158 52   161 19   165 66   167 1   169 20   173 84   177 16   181 194   183 12   184 168   185 4   186 138   187 16   189 48   191 8   192 128   193 194   194 192   198 130   200 34   202 133   203 108   204 4   206 25   210 8   211 64   212 2   213 49   217 128   221 11   226 8   227 70   235 5   
12  8     18 240   38 53   83 64   90 128   96 98   147 2   156 17   167 2   179 77   185 17   212 193   229 160   
12  5     7 40   19 168   39 136   84 133   97 1   99 55   126 2   157 160   159 113   171 145   186 49   228 67   
The following result corresponding the SNR point : 1.4 dB.
99  59     0 104   1 108   2 58   8 2   9 128   12 4   13 32   15 1   18 64   20 36   24 32   27 2   28 8   29 10   32 162   35 68   42 68   43 18   44 2   46 72   49 130   50 64   51 16   53 32   57 131   61 66   63 64   64 210   65 16   70 84   72 16   73 33   75 4   76 144   80 13   83 21   85 129   87 10   88 76   89 128   91 130   94 41   95 10   96 116   97 20   102 80   104 74   106 192   108 72   112 10   115 136   117 50   119 32   120 132   127 20   128 73   129 40   132 72   134 32   137 225   139 64   144 94   149 5   158 33   160 8   162 9   164 33   167 8   169 16   170 64   173 40   175 33   176 32   177 166   179 48   182 193   185 8   187 1   188 137   189 208   195 110   196 4   197 4   199 1   201 16   202 69   204 206   209 65   210 5   211 1   219 33   220 3   221 32   223 112   225 8   228 32   229 40   231 18   233 64   
26  16     12 163   14 85   30 135   37 36   39 130   45 64   63 3   65 6   78 149   93 161   99 18   101 146   105 208   110 2   112 74   131 128   133 11   142 1   157 3   170 102   172 6   180 4   185 33   226 5   231 10   233 163   
30  24     9 89   21 128   25 146   27 161   34 2   58 9   62 96   73 2   88 37   92 10   94 1   96 34   109 184   113 67   117 128   126 12   130 2   137 77   146 88   150 244   161 137   169 34   180 6   184 169   194 138   198 136   209 8   220 177   228 96   230 64   
81  46     4 16   5 142   10 4   15 1   23 144   24 5   31 160   33 8   38 32   39 4   41 138   43 23   45 66   46 8   47 3   52 68   57 82   58 32   60 73   66 4   71 68   76 24   79 34   84 8   90 16   91 5   92 128   99 130   100 141   104 200   105 125   111 4   115 16   116 34   117 34   120 197   123 20   124 160   134 1   135 20   136 66   137 132   148 146   149 195   151 64   152 11   153 64   155 72   156 128   157 64   163 16   165 81   167 16   169 198   171 144   173 16   174 176   178 12   180 20   186 12   188 32   191 8   192 8   193 136   194 4   196 36   197 112   198 2   205 148   206 81   209 41   211 18   212 16   214 104   216 96   217 162   225 2   226 64   232 3   233 66   237 151   
5  8     72 40   125 132   171 33   193 88   235 92   
15  16     50 201   59 74   76 201   97 9   106 67   108 198   110 198   127 65   162 198   183 4   185 4   204 224   222 40   227 37   231 72   
27  28     2 94   6 5   24 32   28 11   37 92   57 96   61 128   63 4   72 14   95 56   116 34   120 1   125 2   129 64   131 98   136 5   138 3   168 48   174 8   185 21   188 32   197 2   206 64   208 104   222 48   229 64   237 174   
19  14     12 8   45 41   63 130   78 130   99 132   103 96   105 192   110 66   112 36   131 241   155 192   164 58   170 16   178 20   185 135   190 27   224 72   231 102   233 82   
37  32     3 192   10 3   12 202   24 67   30 80   33 8   35 43   43 22   45 210   52 3   63 16   72 153   76 8   78 36   90 137   95 2   99 12   103 60   110 186   118 129   122 130   129 128   131 105   140 16   155 80   170 98   174 43   178 36   183 96   188 179   190 36   201 131   206 68   210 4   214 56   224 50   231 44   
71  58     0 144   8 32   18 2   20 80   22 41   24 33   27 8   29 25   39 93   40 197   41 39   42 148   44 80   46 128   48 188   49 146   50 8   51 5   53 128   57 9   60 40   67 128   68 35   72 160   73 144   83 82   85 68   89 16   94 32   96 69   102 129   104 26   106 6   114 196   115 130   116 168   119 41   121 130   123 160   125 16   128 137   135 162   136 132   139 136   141 193   145 104   154 76   158 81   160 2   166 1   169 24   173 4   174 139   175 80   177 32   179 145   182 64   184 152   187 1   189 76   193 169   202 192   210 2   211 64   213 8   215 36   223 34   225 198   228 64   233 12   237 44   
76  59     3 6   4 150   5 34   7 32   16 9   17 197   19 136   21 3   23 147   25 128   31 72   34 1   35 10   37 8   38 6   40 129   41 36   43 19   52 161   56 72   58 13   60 160   64 129   65 16   71 146   76 28   78 130   79 96   84 64   90 66   91 1   97 12   99 2   109 49   111 1   112 10   114 16   116 1   118 4   120 40   122 8   124 1   131 32   132 27   133 72   135 8   136 129   140 160   142 64   146 16   148 128   149 10   153 65   163 19   164 168   165 32   170 96   176 90   185 22   190 128   191 71   196 2   199 7   200 48   201 33   204 17   205 9   209 1   212 10   214 128   218 9   224 56   226 52   232 128   233 134   237 4   
10  5     71 2   107 17   115 9   132 7   152 224   159 40   173 133   182 22   218 57   228 8   
4  6     87 64   119 58   175 36   221 132   
44  38     8 48   10 56   12 7   26 59   28 13   30 2   35 16   37 64   39 37   48 16   59 201   61 64   63 10   70 161   74 8   76 160   80 8   85 1   93 13   97 120   99 35   106 184   110 2   112 146   118 65   120 8   129 64   131 177   133 144   135 32   153 128   170 24   181 19   185 42   195 198   199 130   210 152   212 80   214 10   217 160   222 20   227 16   229 33   233 82   
48  39     1 34   2 70   10 7   14 1   22 32   29 10   30 20   32 13   34 1   35 128   39 65   45 40   56 33   60 128   63 132   65 40   75 66   82 64   89 6   97 64   103 2   109 84   110 145   112 22   120 1   123 76   128 24   129 64   133 129   135 68   139 201   142 17   144 6   146 65   151 1   157 120   160 32   161 8   170 61   178 37   188 84   189 208   192 32   206 60   212 6   224 240   231 4   233 12   
59  51     0 192   1 114   5 233   9 17   11 4   19 41   27 193   29 115   34 60   36 96   39 74   42 1   44 8   49 122   53 16   56 55   60 194   62 146   68 88   73 194   75 16   77 26   84 96   87 98   92 133   96 32   98 16   107 5   109 78   111 16   117 36   119 16   120 181   124 153   127 138   128 67   130 6   137 32   140 144   144 56   148 200   163 16   167 128   169 72   176 6   182 12   184 129   188 87   189 4   192 112   196 132   202 168   213 49   219 42   221 37   224 72   228 33   230 125   232 143   
46  31     5 19   20 64   23 34   28 25   45 84   47 2   53 3   56 102   66 2   68 10   71 8   76 22   87 29   92 6   99 67   100 1   103 24   104 17   112 1   113 192   117 6   121 32   129 1   137 112   140 8   149 144   155 128   156 155   157 4   164 48   165 24   170 40   171 106   175 14   178 64   179 2   183 66   202 221   206 96   215 178   216 160   224 193   226 145   229 10   233 32   234 9   
2  3     173 44   236 35   
9  4     71 52   85 19   86 60   116 19   152 40   173 136   174 6   218 16   237 84   
6  6     103 49   155 184   178 139   200 134   214 117   224 3   
86  58     1 112   4 8   5 17   7 6   13 64   19 52   24 137   25 35   26 33   32 130   38 16   41 34   43 160   46 92   48 6   52 2   57 102   59 168   60 16   61 56   66 16   67 10   68 72   70 5   72 1   73 68   74 34   76 5   82 10   84 16   86 32   88 8   89 25   91 136   92 72   95 20   99 80   100 80   104 41   106 198   107 4   113 65   116 32   118 3   120 80   123 80   125 135   126 32   127 16   129 12   132 18   135 17   138 3   139 4   143 10   144 152   146 8   156 160   158 133   162 4   165 64   168 96   171 67   174 32   176 24   180 19   181 4   192 4   194 22   196 69   197 103   202 8   203 128   204 18   206 8   209 49   212 16   217 8   218 70   220 60   222 65   227 128   228 16   229 128   234 66   237 50   
7  0     32 160   65 1   80 209   112 248   133 184   170 96   233 16   
7  12     103 185   105 145   109 12   161 67   176 192   194 160   222 52   
32  25     5 4   21 8   29 2   45 136   49 50   56 74   60 147   62 49   66 128   73 72   77 172   90 213   103 163   109 224   124 213   128 132   130 61   144 9   161 33   165 176   171 34   178 192   184 32   192 18   198 4   202 132   205 73   207 1   220 22   224 99   226 75   230 1   
5  8     110 8   127 6   173 208   185 21   236 32   
23  13     5 252   13 66   23 33   31 13   38 1   56 140   64 128   79 90   90 21   100 128   103 132   111 40   113 160   163 66   165 130   171 8   178 160   186 74   200 18   207 2   224 194   232 43   234 8   
71  44     0 4   5 112   6 16   9 64   15 17   23 129   26 9   33 40   39 165   40 192   41 96   43 144   48 104   51 97   56 66   66 66   71 32   74 70   80 42   81 4   82 160   85 2   86 16   90 16   93 208   95 25   96 128   100 97   103 4   109 209   111 32   115 48   116 36   118 28   120 8   125 17   128 144   135 34   138 100   140 208   146 8   148 130   152 52   153 17   155 50   156 192   160 35   165 14   166 4   168 16   173 96   174 144   176 139   178 76   183 8   184 68   192 172   193 168   205 208   210 65   211 68   212 64   214 64   219 28   221 194   222 128   224 66   230 2   232 8   236 16   237 4   
1  2     230 33   
3  2     112 176   170 228   233 195   
125  50     0 132   3 128   4 3   5 20   7 8   8 64   9 132   13 16   15 32   16 32   18 8   20 13   21 132   23 4   25 184   28 32   31 148   36 136   37 16   38 44   40 34   41 140   42 1   45 2   46 36   47 18   49 192   50 1   51 40   54 2   55 32   56 85   60 37   62 40   66 144   67 16   70 96   71 192   73 69   74 2   75 69   78 128   80 146   87 192   88 2   90 80   91 74   92 1   93 32   94 16   95 200   98 133   102 49   103 64   105 33   106 128   107 64   112 20   113 139   114 8   115 72   116 37   118 9   119 8   123 162   126 2   127 41   128 96   131 76   132 9   134 52   135 48   136 73   138 36   139 2   140 5   142 16   143 4   144 64   146 5   149 20   151 161   154 73   156 27   158 10   159 68   163 3   164 84   165 160   166 98   167 32   168 24   173 4   176 3   178 10   179 96   180 24   181 24   182 16   183 12   187 98   190 130   191 240   192 88   194 136   195 16   198 32   199 101   200 164   202 8   205 4   207 80   208 54   209 18   210 15   211 40   213 194   215 36   217 24   218 130   220 85   222 9   226 1   227 7   236 132   
62  43     13 96   20 195   23 68   31 2   36 129   44 4   46 32   48 129   50 128   51 40   56 15   59 67   61 42   68 9   71 136   72 64   77 132   79 64   83 64   86 160   87 84   91 18   98 25   102 66   104 77   106 64   108 2   116 104   119 8   121 153   123 70   127 32   128 9   129 13   132 65   136 5   140 36   141 168   144 1   152 33   154 196   156 160   160 194   168 84   174 19   179 128   183 74   189 238   191 130   195 8   197 152   200 67   205 8   206 20   207 128   213 194   215 36   219 73   224 10   225 80   229 52   237 32   
3  5     184 88   194 121   230 42   
68  44     1 70   2 72   3 72   5 16   12 72   14 16   21 2   22 14   29 33   30 113   32 64   37 140   43 34   45 48   50 66   56 96   63 51   65 128   67 144   69 136   76 44   77 36   78 156   80 80   88 2   89 1   90 1   95 64   97 65   99 2   101 104   108 61   110 18   112 37   114 128   116 63   118 8   120 160   122 11   130 129   131 32   153 138   155 140   162 2   163 26   168 80   170 128   176 232   183 100   185 1   186 129   188 8   189 192   190 196   198 65   199 201   204 136   206 197   207 64   210 166   214 5   216 128   222 36   224 130   229 8   230 128   231 192   233 8   
4  4     114 20   172 134   183 24   235 41   
54  51     1 201   4 1   9 4   16 1   21 32   23 72   31 208   42 68   43 66   44 128   47 113   54 72   64 148   69 114   70 36   71 24   79 8   88 32   90 68   97 206   98 128   99 73   107 17   109 4   111 82   118 4   124 9   128 64   132 16   135 6   140 74   152 2   153 8   159 128   161 66   163 18   164 160   169 192   170 80   177 12   178 34   182 136   186 64   198 80   200 96   203 113   209 128   213 136   214 9   218 131   224 136   228 131   231 52   232 32   
7  0     3 16   45 32   90 35   103 144   122 33   178 146   224 238   
2  2     105 123   226 121   
1  2     191 17   
98  57     0 16   3 88   6 64   8 5   10 128   13 112   14 34   15 37   16 80   17 82   18 108   21 18   23 224   26 16   33 152   39 33   40 32   41 128   42 48   45 129   46 46   48 5   50 16   51 12   54 164   59 152   61 72   65 208   69 10   70 5   71 13   72 26   74 1   81 160   82 100   83 5   85 140   86 2   90 56   91 68   93 64   95 10   100 32   101 120   106 40   108 2   114 128   115 33   116 129   118 56   119 32   122 130   123 16   125 79   127 65   133 20   134 166   135 192   136 66   138 48   145 128   149 73   151 8   152 184   153 36   156 137   158 4   160 4   162 4   166 16   168 41   171 24   173 27   175 59   176 42   178 6   179 2   181 18   183 96   191 80   193 133   195 2   197 89   200 128   201 2   210 161   211 16   212 34   216 32   217 32   218 4   219 9   222 5   226 8   227 64   229 64   235 32   236 160   
9  10     5 26   23 200   38 104   56 180   71 29   92 130   124 28   224 23   226 2   
67  33     0 212   3 72   5 10   9 16   11 69   21 128   23 73   25 17   27 10   29 41   32 161   34 3   36 48   42 177   43 66   49 2   51 27   54 135   56 132   60 24   64 65   71 2   73 33   75 19   77 4   84 99   87 252   90 69   92 34   96 32   98 150   99 8   107 128   109 128   111 112   118 161   119 97   124 140   128 8   130 48   144 58   148 64   152 195   155 129   159 133   161 12   163 68   169 96   175 112   176 64   178 131   186 32   187 82   192 154   196 136   198 1   200 32   203 196   207 144   213 130   214 176   218 74   220 136   222 198   228 129   230 96   232 64   
17  16     21 128   30 16   35 226   45 8   54 82   69 71   76 192   97 173   118 17   122 42   129 141   140 80   153 144   176 41   222 114   224 168   229 2   
28  32     9 8   27 23   28 165   38 136   42 68   60 1   75 116   92 8   94 138   107 4   113 10   121 200   128 148   137 160   139 130   140 41   145 2   165 7   171 20   182 2   189 12   198 72   202 33   215 20   221 38   223 96   228 26   234 4   
12  19     18 184   36 64   44 72   63 5   102 145   162 5   177 218   181 50   185 128   202 69   217 97   223 175   
3  2     103 146   178 46   224 246   
5  9     63 142   78 143   190 96   216 37   226 48   
14  0     20 104   29 58   53 101   68 177   96 194   109 4   117 112   121 24   169 34   175 80   184 104   189 97   221 64   230 32   
6  0     110 137   127 16   147 170   162 2   195 11   204 27   
46  27     1 32   3 40   21 2   23 34   34 20   38 129   40 136   43 74   45 10   54 37   64 1   69 82   84 192   88 24   90 88   96 176   103 2   111 212   113 8   115 66   118 96   122 224   128 216   132 32   140 173   144 1   148 20   150 64   152 96   161 59   163 20   167 137   173 212   176 67   178 146   184 33   188 196   196 6   200 144   205 40   209 34   211 58   222 131   224 90   230 8   236 50   
5  6     0 40   42 168   87 153   117 203   221 64   
87  41     4 193   5 2   7 136   13 33   14 88   15 1   16 100   20 210   22 103   25 2   27 131   29 12   33 64   38 144   39 18   40 26   42 32   44 2   47 17   51 32   55 8   57 62   66 32   68 148   70 64   71 2   73 68   79 137   80 102   81 8   94 4   96 46   100 20   101 129   102 76   105 134   107 68   109 224   113 9   114 32   115 129   119 32   123 196   124 16   130 128   133 137   134 8   139 113   141 80   144 144   146 129   150 43   151 33   152 136   154 32   156 5   157 148   159 160   165 128   167 193   169 10   171 17   172 192   175 130   177 66   180 78   184 40   187 66   192 47   193 38   194 216   198 9   200 8   202 1   207 128   209 21   211 100   213 72   215 64   217 32   218 9   221 73   225 5   226 66   230 130   234 41   235 32   
3  4     16 40   67 21   135 116   
4  7     1 86   19 200   118 210   120 160   
25  19     14 52   16 192   17 40   28 129   32 148   39 22   41 11   65 40   67 162   80 168   82 87   112 34   114 20   116 26   133 224   135 224   140 66   159 64   170 20   172 78   174 7   210 16   233 193   235 4   237 66   
11  11     8 120   10 30   28 8   50 1   52 4   76 3   95 128   116 198   168 15   183 200   237 52   
98  83     1 40   2 134   4 145   9 16   13 3   15 128   16 6   18 128   24 40   26 2   28 72   29 138   31 233   33 65   35 36   38 27   40 34   41 16   42 65   47 10   48 2   49 72   50 169   52 64   53 34   57 35   59 2   63 39   70 64   71 198   72 104   76 4   82 20   84 128   86 65   87 52   89 11   91 132   93 20   95 9   96 132   98 134   100 64   101 29   102 64   106 18   108 84   109 144   110 49   114 128   116 5   117 128   121 8   123 22   125 42   126 8   127 4   134 138   135 128   136 12   141 40   142 192   143 42   147 2   148 1   152 2   154 128   157 20   162 144   174 72   175 65   176 129   178 176   180 96   181 34   183 153   184 177   188 50   189 52   191 128   195 14   196 244   197 4   203 160   204 4   206 33   208 8   211 128   215 14   220 64   221 32   223 136   225 48   227 2   230 64   235 16   236 168   237 144   
6  7     40 68   85 138   115 84   127 96   173 108   236 76   
55  52     5 37   13 11   20 34   25 1   30 89   32 160   33 195   38 2   40 137   50 2   51 6   58 48   66 82   68 134   73 2   81 32   91 8   92 122   104 12   105 65   107 100   108 2   110 213   112 3   113 8   115 96   124 43   130 68   144 1   145 145   149 32   156 4   159 228   160 76   162 66   165 48   167 97   171 197   173 72   176 26   179 109   183 4   185 48   187 28   192 18   198 128   209 32   211 32   221 34   225 37   226 68   228 102   231 86   234 20   236 18   
2  3     129 1   206 132   
6  5     27 185   60 74   75 56   107 226   128 217   182 168   
64  44     3 72   5 34   7 48   21 2   23 4   25 146   35 16   36 20   38 60   43 4   45 204   47 80   49 56   54 198   56 160   62 24   64 195   69 97   71 232   76 33   79 128   84 196   88 72   92 48   94 68   97 8   99 16   103 7   105 32   109 13   110 138   111 32   113 50   118 136   120 65   122 2   124 4   131 145   140 32   144 8   148 64   150 136   153 16   161 129   165 34   170 2   171 149   176 4   178 210   180 16   182 70   185 226   188 18   192 17   198 163   200 2   209 132   220 48   222 2   224 16   226 96   227 69   228 35   231 24   
44  35     3 4   14 192   16 225   25 168   28 7   32 8   39 64   49 64   65 30   67 112   69 73   73 98   78 80   80 144   90 193   95 40   101 102   103 130   105 4   107 132   112 16   114 40   118 74   122 20   133 135   142 20   144 116   149 152   157 48   164 132   170 56   176 248   178 128   180 176   190 5   199 193   203 86   206 130   216 138   222 80   224 130   226 209   229 38   233 4   
6  12     40 66   87 8   135 194   143 162   181 96   193 137   
121  71     2 164   4 128   5 128   12 68   14 128   18 12   20 24   22 24   23 20   24 4   27 89   29 128   30 3   31 16   32 8   33 24   34 5   35 8   38 72   40 8   44 24   47 18   51 204   53 192   55 4   56 8   61 1   63 97   64 80   65 128   66 68   68 1   70 108   71 35   73 74   75 128   76 4   77 4   79 8   80 2   81 132   83 64   89 16   90 16   91 192   92 120   99 8   102 6   103 1   104 192   105 132   108 1   109 4   110 32   112 128   113 100   115 82   119 65   121 128   123 68   124 1   128 2   129 34   131 4   132 6   133 144   134 133   137 72   139 3   140 3   141 72   144 160   145 36   147 169   149 3   152 5   154 38   155 75   157 9   160 61   161 18   162 72   165 4   167 4   171 53   173 12   175 50   177 32   178 68   180 77   183 129   185 128   186 4   187 8   189 64   191 65   192 32   195 144   196 40   197 29   199 41   200 1   201 18   202 16   205 8   206 80   207 65   209 81   213 4   220 64   221 144   223 6   224 130   225 128   226 66   229 20   230 32   232 83   233 48   234 1   236 64   
22  13     1 8   3 11   23 6   43 130   45 136   54 232   79 158   88 1   90 4   103 72   118 4   120 199   140 34   155 130   176 25   178 11   186 1   188 39   214 16   222 154   224 5   232 24   
17  12     9 26   11 144   29 80   36 20   62 19   77 68   83 96   98 100   109 1   111 99   130 193   154 3   169 180   184 12   186 80   230 32   232 176   
39  31     0 71   4 109   20 34   22 37   26 184   31 131   35 4   42 13   50 160   59 134   61 1   68 161   70 144   74 114   79 4   83 9   89 96   95 144   98 145   108 192   115 72   119 64   121 32   123 8   127 50   129 137   143 24   160 8   162 8   175 160   183 96   187 34   191 1   195 8   206 66   209 225   223 35   227 2   236 136   
69  40     12 2   13 4   18 80   19 20   22 4   30 38   32 176   35 98   44 168   52 148   55 33   56 10   59 3   60 7   63 4   64 33   65 56   71 70   76 52   79 65   84 7   85 51   86 145   94 19   99 66   102 34   103 64   107 33   112 26   115 64   120 144   123 64   124 66   132 16   136 132   140 32   143 40   144 180   147 7   148 176   149 1   154 192   155 17   159 169   164 19   170 130   173 42   177 36   178 105   182 5   188 152   191 3   195 8   199 129   200 109   201 45   206 192   209 64   214 2   215 192   217 35   218 64   223 18   224 34   228 9   231 76   233 6   236 53   237 72   
14  7     0 66   28 32   51 224   61 96   76 12   83 14   108 23   119 211   129 16   160 168   173 148   183 96   229 161   236 65   
14  15     7 73   25 10   49 77   66 4   73 16   94 100   107 133   126 4   134 10   171 74   182 18   202 38   228 147   236 192   
34  24     7 80   9 65   11 216   29 148   36 193   38 68   58 202   60 5   64 65   77 177   92 112   94 22   96 84   98 71   105 192   111 32   113 36   119 128   130 16   144 16   148 80   150 61   165 155   180 152   182 129   186 67   192 32   196 129   198 8   207 67   209 108   226 80   228 96   232 32   
6  9     93 97   116 128   125 67   136 64   181 104   227 7   
4  6     102 67   110 211   162 25   185 160   
7  0     13 66   38 146   100 154   113 194   132 68   171 22   234 38   
15  12     27 130   49 68   58 3   86 65   105 4   107 162   116 133   126 33   128 12   159 152   174 132   175 4   182 177   228 164   237 4   
17  16     0 130   20 64   42 66   44 66   53 208   55 16   68 40   102 66   117 24   121 1   123 38   139 224   175 56   177 16   213 152   221 33   223 172   
16  18     4 20   5 3   13 172   23 73   38 52   56 102   79 143   98 138   103 33   113 48   124 137   140 201   150 92   165 108   186 144   191 2   
10  3     19 1   52 2   84 48   111 129   116 102   148 72   174 33   186 224   232 245   237 213   
14  5     0 10   18 36   48 233   51 192   59 54   83 128   106 68   115 8   173 66   181 23   195 144   219 145   227 34   236 19   
18  14     1 70   16 65   27 157   34 52   52 12   60 39   75 144   84 34   107 48   109 16   128 20   159 130   182 32   184 16   188 33   196 7   228 11   230 152   
110  49     2 3   3 20   5 68   6 33   10 107   11 34   14 9   16 112   17 132   21 5   24 10   25 32   26 193   28 128   29 18   33 196   36 64   37 2   39 64   40 129   41 160   44 32   45 193   47 35   49 97   50 48   53 132   54 136   56 194   57 8   58 64   62 42   66 33   67 97   69 12   73 128   76 48   77 32   81 26   82 8   86 108   88 225   90 54   91 32   92 1   93 86   100 192   101 2   104 196   105 149   107 64   108 1   116 2   118 12   122 6   124 2   126 66   129 9   130 64   133 20   134 128   135 64   136 32   137 139   138 72   141 65   142 17   144 5   145 26   146 34   150 64   151 44   153 34   154 144   156 10   159 129   161 32   163 36   164 132   165 2   170 140   172 194   174 17   176 64   177 4   179 16   180 64   183 133   184 137   189 67   192 10   193 2   198 2   203 10   204 74   206 17   207 8   212 32   215 4   216 160   218 6   220 224   222 16   224 144   228 90   229 1   230 67   233 128   235 2   237 3   
64  32     1 72   5 1   7 1   15 50   24 62   25 193   33 26   38 2   40 100   46 42   47 32   48 128   49 168   57 6   58 130   66 9   71 72   72 144   73 128   79 4   81 33   86 239   92 133   94 12   100 16   104 20   105 65   106 32   107 6   113 129   115 64   120 64   124 6   125 20   132 36   134 40   136 34   143 46   144 68   152 20   156 32   158 48   159 144   165 34   167 24   171 64   173 68   174 129   180 8   181 104   182 98   192 136   193 145   196 68   200 9   202 36   209 48   217 10   218 2   225 10   226 3   227 240   234 192   236 1   
15  9     23 148   47 3   56 45   58 76   71 112   103 130   115 138   124 30   152 72   173 136   178 104   180 41   200 16   224 58   236 2   
18  18     12 112   24 45   48 32   57 3   65 128   70 146   72 129   91 18   99 10   102 10   112 59   123 140   136 97   164 17   170 128   179 3   181 4   201 138   
92  43     0 2   1 72   2 10   6 130   7 84   15 3   18 32   23 22   26 176   27 32   28 2   29 132   30 32   33 6   38 160   40 5   42 4   44 64   50 36   51 4   53 131   54 37   55 8   57 2   58 132   62 34   66 18   73 5   74 137   79 14   81 178   83 1   85 129   88 40   89 72   93 66   94 36   96 8   100 105   104 72   108 40   109 216   113 129   115 34   117 5   119 64   121 1   126 212   127 12   137 129   138 28   141 4   142 6   143 8   145 72   147 38   154 2   156 204   160 64   161 64   167 1   169 74   171 128   173 40   174 160   175 213   177 2   179 2   183 160   184 82   185 80   187 37   188 2   189 16   190 133   191 11   193 202   195 64   209 8   213 66   215 64   220 65   221 1   222 66   223 64   225 193   227 132   229 32   230 24   231 33   234 18   236 32   
4  5     95 81   106 146   181 138   227 30   
32  28     12 49   20 17   22 1   35 78   37 64   50 68   57 40   61 80   65 52   70 38   72 2   87 12   112 66   123 32   125 232   129 16   149 72   160 193   162 28   164 178   170 2   179 152   193 21   197 19   199 118   201 2   204 12   206 249   219 20   225 17   229 81   233 5   
7  0     28 96   61 160   76 20   108 98   129 48   183 162   229 129   
50  40     0 24   2 14   4 66   6 3   18 32   20 224   24 76   30 2   40 136   42 195   46 3   48 24   51 19   55 65   59 101   63 64   65 64   68 8   70 8   72 36   83 64   85 64   87 192   89 16   91 108   101 149   112 16   115 9   119 26   121 50   123 136   134 8   137 17   143 17   149 32   158 145   164 9   170 104   173 13   179 88   189 192   191 221   195 5   202 232   206 109   211 137   217 17   223 1   233 76   236 36   
7  0     26 134   59 64   74 144   106 156   127 32   181 33   227 82   
40  23     1 130   3 134   19 136   21 162   23 1   24 216   34 8   43 52   45 141   52 40   54 2   56 18   69 65   72 36   76 225   88 4   90 18   91 3   103 4   118 98   120 5   122 101   128 98   133 161   136 136   140 16   161 216   168 140   174 120   176 1   188 44   196 69   198 40   201 8   205 40   206 65   210 18   222 192   224 2   237 1   
5  6     8 113   61 72   95 212   129 16   183 162   
112  45     1 129   3 2   9 17   11 114   12 12   14 6   15 17   16 64   18 145   19 104   20 128   21 18   22 12   24 42   28 1   31 178   33 3   34 168   35 32   36 7   37 80   48 2   50 132   52 161   54 232   55 80   57 140   59 2   65 4   66 48   67 4   69 129   72 32   74 1   75 181   76 81   80 1   84 128   85 1   86 2   87 9   88 2   89 66   95 24   98 16   99 12   101 224   102 72   104 41   108 2   111 192   112 169   114 89   115 72   116 128   117 68   118 16   120 128   122 33   125 64   127 64   130 128   131 5   134 73   136 67   138 18   139 36   143 48   148 8   149 66   150 64   151 13   154 16   158 33   160 48   161 64   162 64   163 10   168 4   169 168   172 4   173 99   174 4   177 16   179 66   183 130   187 64   188 152   191 88   193 26   195 193   197 8   198 1   199 130   201 65   203 1   204 144   205 8   210 130   211 128   216 74   219 128   221 16   222 2   223 66   225 34   227 4   229 192   232 7   234 88   236 16   237 9   
29  24     4 5   27 128   29 64   34 130   36 16   55 64   60 12   62 38   75 129   91 128   98 136   102 131   104 132   107 33   111 32   123 80   128 33   139 64   148 4   177 3   179 21   182 195   184 100   186 144   187 16   196 84   205 129   225 164   228 80   
107  59     1 130   3 172   6 1   7 36   8 32   10 128   12 8   14 192   15 13   16 16   17 130   18 128   20 34   24 4   25 12   26 4   28 32   32 27   35 17   37 192   39 144   40 64   41 105   43 169   46 2   49 128   52 4   53 146   54 128   58 98   65 1   70 138   72 2   73 112   80 96   81 147   82 128   87 172   91 8   93 160   94 66   95 20   99 160   101 72   104 154   106 128   107 66   108 13   110 38   116 130   118 66   120 143   126 2   129 131   131 9   133 138   134 72   136 114   137 33   138 98   142 20   144 4   145 62   146 130   147 16   149 149   151 68   153 4   159 64   160 114   167 16   168 4   170 128   173 3   175 36   176 1   179 20   181 36   182 4   183 24   185 20   194 24   195 40   197 129   199 78   202 34   203 3   206 1   208 32   210 4   212 164   214 8   216 37   217 32   218 8   219 64   220 173   222 3   225 9   226 74   228 128   229 192   230 144   231 8   233 141   235 36   237 156   
40  40     24 17   27 83   37 20   38 18   46 33   60 35   71 1   75 154   78 4   85 1   86 28   93 32   99 96   104 33   107 11   111 36   112 18   131 196   134 64   148 36   153 184   158 48   159 6   163 99   166 73   170 2   179 24   186 2   196 160   202 7   209 140   210 16   212 112   214 64   218 64   225 41   227 112   228 128   232 37   236 76   
120  66     1 16   2 64   6 64   8 8   10 10   12 33   14 168   15 8   17 64   19 8   20 3   22 34   24 44   28 200   29 20   32 26   34 145   35 32   39 48   41 23   42 1   43 29   44 27   46 90   50 20   52 4   53 33   55 12   56 65   57 6   59 67   61 152   63 6   65 224   68 32   70 128   73 164   75 2   76 128   78 16   82 40   83 200   84 2   86 68   87 193   89 24   95 9   96 2   97 4   99 140   102 8   104 32   106 130   108 162   110 26   112 72   116 64   119 8   120 10   123 97   128 35   129 2   133 10   134 4   135 16   137 1   139 14   140 237   141 6   144 130   147 52   149 4   153 132   154 96   157 25   158 193   159 32   160 8   161 32   162 24   164 10   168 2   169 49   170 9   172 1   174 64   175 96   177 16   179 33   181 72   184 144   185 17   187 2   188 80   189 224   192 105   195 10   196 40   197 129   199 44   202 136   204 64   206 9   210 2   211 238   213 152   214 3   215 12   217 3   218 4   219 96   220 169   221 144   223 48   228 112   229 2   230 16   231 4   233 129   237 28   
75  42     2 32   4 18   5 10   9 17   11 16   13 70   15 229   18 130   20 54   27 64   33 138   35 164   38 104   42 32   49 32   51 130   53 33   55 25   60 48   61 138   66 34   68 66   71 194   77 3   79 152   81 12   83 130   85 2   89 129   91 7   100 75   104 116   105 68   110 50   113 66   117 32   119 193   121 42   124 6   129 96   130 8   132 36   134 2   139 2   141 16   144 13   145 202   147 35   150 123   152 148   156 18   165 16   169 10   170 236   175 72   179 26   182 88   185 4   187 88   191 22   192 26   197 64   198 112   200 48   202 200   211 65   213 8   215 2   218 104   221 129   223 32   228 161   231 80   234 8   236 16   
10  10     5 56   30 200   92 20   110 59   142 102   171 40   180 27   185 15   226 94   231 135   
14  14     8 18   41 64   48 52   59 8   74 50   86 2   106 36   116 10   127 144   135 224   174 192   181 17   201 119   237 33   
The following result corresponding the SNR point : 1.6 dB.
12  8     4 193   22 78   46 200   55 142   70 203   91 4   102 160   104 108   123 135   177 1   179 136   225 112   
14  9     6 16   24 89   48 66   57 3   72 152   93 83   104 17   116 35   125 4   136 178   174 210   179 77   225 148   237 241   
10  11     17 8   41 178   86 1   116 116   118 32   135 11   153 133   174 3   176 112   237 203   
10  4     27 12   60 88   75 129   107 36   119 65   128 128   182 14   187 16   223 196   228 64   
7  5     26 56   59 208   74 153   106 212   127 104   181 18   227 10   
11  15     1 1   27 97   60 130   75 129   88 194   96 18   128 84   176 96   182 99   194 78   230 21   
2  4     127 137   170 76   
69  52     5 128   7 6   9 200   11 5   14 48   17 112   25 36   27 40   32 164   34 3   39 1   49 10   53 34   58 201   60 208   62 33   65 2   66 16   68 41   73 1   75 5   80 4   85 104   92 2   94 131   95 26   96 48   101 65   102 67   107 136   108 9   112 136   114 168   115 9   126 4   128 130   133 162   134 48   137 44   139 9   146 68   150 36   157 18   160 5   165 33   167 99   170 176   172 9   173 168   175 2   180 16   182 208   183 168   184 4   194 168   199 194   202 4   207 144   210 20   211 40   220 120   221 32   226 19   228 192   229 4   230 152   233 100   235 68   236 2   
14  8     5 85   47 41   92 54   105 133   107 158   124 72   144 3   159 2   180 170   182 64   192 6   218 104   226 147   228 3   
19  4     7 128   25 64   38 65   40 3   47 9   58 20   66 192   71 244   105 102   113 74   132 82   134 82   165 81   167 69   180 133   200 5   202 164   209 5   226 80   
8  5     14 100   39 29   45 19   101 129   114 92   133 80   172 180   235 225   
10  18     2 128   18 20   89 128   96 192   113 28   117 93   203 18   208 146   215 144   234 8   
27  21     4 49   20 162   24 36   37 48   44 37   46 36   53 140   65 2   68 17   70 128   87 129   91 64   99 30   102 208   112 160   117 174   121 40   123 12   141 72   149 17   164 66   170 133   179 32   199 79   201 106   221 236   233 100   
8  8     22 75   61 80   76 6   87 97   95 224   108 112   183 122   229 139   
3  3     117 178   175 163   221 141   
7  12     74 38   95 8   127 64   147 179   166 1   181 8   227 217   
3  3     103 209   178 109   224 147   
6  0     110 152   127 112   147 113   162 14   195 49   204 65   
7  6     19 168   52 1   84 116   116 129   120 164   174 135   237 102   
85  47     1 167   3 128   4 143   5 32   6 136   8 64   12 33   14 80   16 96   17 96   24 32   25 128   29 242   31 209   32 134   34 65   36 66   37 148   41 212   46 74   47 138   48 8   52 102   54 130   57 64   58 83   59 30   67 5   70 208   72 194   77 201   82 64   88 26   91 8   93 20   99 176   101 72   104 64   106 56   109 18   114 18   122 36   123 192   124 68   125 25   126 2   128 80   131 56   133 10   136 40   141 40   143 18   146 10   151 4   161 29   163 32   164 56   168 4   170 17   172 70   174 53   179 21   181 66   184 132   186 89   191 100   194 128   196 12   199 32   201 216   203 128   207 128   208 4   210 4   218 24   220 136   222 66   225 2   226 8   227 4   230 74   232 134   233 2   235 140   237 104   
12  0     7 1   27 67   49 132   94 21   102 18   107 10   126 224   139 2   177 129   182 24   223 203   228 162   
13  2     10 195   28 64   35 2   61 90   76 24   97 151   108 33   110 139   129 32   183 145   185 108   229 1   231 238   
7  11     22 128   52 8   58 65   102 129   126 31   226 129   237 34   
7  0     3 32   45 64   90 70   103 61   122 66   178 57   224 193   
7  0     0 114   42 136   87 36   117 13   119 67   175 12   221 64   
4  4     39 24   114 29   172 175   235 5   
9  0     66 201   113 16   117 192   137 51   171 8   175 64   202 37   221 13   234 81   
75  59     4 128   8 16   10 23   12 64   13 2   24 72   26 129   31 1   33 10   35 50   38 8   39 192   43 11   44 39   50 33   55 97   59 76   61 34   64 1   65 5   67 9   68 32   70 2   74 17   76 77   79 65   89 16   95 68   98 34   100 16   102 196   103 189   106 72   108 64   111 156   113 162   114 8   127 128   132 34   135 64   140 34   141 65   143 25   145 6   149 99   150 18   155 65   156 2   162 4   168 3   171 2   172 1   176 1   177 132   178 68   179 89   181 64   183 2   186 132   189 64   191 128   193 7   197 136   200 155   201 12   203 80   204 144   206 16   210 16   215 2   223 17   224 134   229 36   232 6   234 8   
1  2     185 122   
4  4     3 86   90 35   178 176   224 70   
8  9     10 128   26 101   50 20   59 32   74 28   106 225   108 9   227 239   
2  2     162 162   204 56   
20  23     16 138   25 32   57 208   72 96   73 53   86 90   94 128   100 2   107 16   135 131   136 164   144 32   159 123   171 166   174 67   218 10   225 135   228 41   234 128   237 140   
3  1     109 128   184 200   230 116   
11  13     4 80   55 42   89 220   102 133   110 115   123 196   162 130   185 10   199 49   206 232   231 34   
132  62     0 176   1 6   2 10   4 8   5 66   6 192   9 64   12 98   14 21   15 80   18 4   19 1   21 9   22 36   23 49   24 40   25 136   28 12   29 136   30 68   33 128   34 8   35 3   37 32   39 140   40 209   41 2   42 8   43 4   46 144   51 176   52 40   56 17   57 1   60 224   62 37   63 8   65 164   66 32   69 72   70 64   71 193   72 36   76 1   77 64   81 72   83 6   84 48   85 145   87 66   88 67   89 202   90 13   91 21   92 13   96 3   97 15   99 67   101 8   104 80   106 64   108 32   109 129   110 64   111 72   112 128   113 72   115 162   116 1   117 128   119 81   120 68   124 16   125 8   128 160   131 2   133 1   136 80   137 36   138 34   140 16   141 6   145 135   148 72   150 18   152 9   153 17   155 132   158 2   160 4   162 34   163 52   164 192   166 125   168 66   171 40   173 32   174 66   175 18   176 40   179 36   185 64   186 1   188 8   189 38   193 33   195 68   198 4   199 52   201 8   205 216   206 4   207 20   210 12   211 96   212 22   213 33   214 136   216 19   217 42   219 40   221 8   223 12   224 177   225 112   229 40   230 32   231 4   232 24   234 1   236 32   237 20   
7  0     13 1   38 19   100 128   113 196   132 43   171 17   234 92   
9  6     44 216   55 5   70 102   89 96   102 169   121 101   123 4   177 128   223 16   
19  14     2 36   20 139   42 130   44 16   53 9   55 57   68 192   89 34   112 95   117 12   121 192   129 18   154 121   175 1   177 65   206 72   213 14   221 2   223 144   
7  4     6 136   48 72   93 61   106 225   125 116   181 174   227 148   
78  51     2 3   6 132   8 81   9 160   15 20   16 70   18 64   22 97   23 1   26 74   33 196   39 98   40 144   41 56   44 3   45 149   46 3   51 66   59 104   60 16   66 40   67 128   69 64   70 8   71 208   75 73   80 9   81 1   83 146   85 1   91 2   100 10   101 3   102 176   103 74   104 192   106 132   113 134   119 37   121 225   124 78   128 32   133 66   135 18   139 48   143 137   144 60   151 96   152 12   156 64   158 33   171 67   173 32   177 2   179 18   181 32   187 2   189 96   191 166   192 35   193 66   195 128   203 8   204 131   206 48   210 4   211 19   215 20   216 8   217 6   218 96   223 4   224 34   225 161   228 80   234 96   235 8   236 73   
19  17     7 64   17 144   25 43   47 191   58 10   73 2   82 137   86 18   92 134   94 21   107 72   124 70   126 4   159 21   180 112   218 26   226 4   228 160   235 134   
7  3     15 192   40 153   85 56   115 2   134 65   173 16   236 78   
6  0     110 137   127 16   147 170   162 2   195 11   204 27   
11  6     7 49   27 65   49 5   60 50   75 92   94 10   107 153   126 31   128 118   182 6   228 142   
21  24     10 88   12 197   37 177   45 102   68 4   76 64   87 148   95 144   97 106   108 133   110 246   112 138   129 145   140 70   155 128   183 165   185 98   207 224   214 105   229 136   231 45   
7  9     15 33   66 130   70 32   100 17   123 2   156 44   217 46   
7  4     17 77   67 33   82 192   114 76   135 67   172 137   235 12   
4  4     68 32   117 51   175 159   221 12   
18  16     28 80   32 180   39 48   52 82   65 44   76 30   80 78   95 230   101 56   112 162   133 161   164 196   168 108   170 248   188 97   206 51   210 64   233 176   
11  5     7 177   49 130   58 176   94 162   105 209   107 97   126 1   180 125   182 171   226 100   228 18   
7  0     4 168   46 1   91 34   104 80   123 70   179 81   225 161   
90  70     1 25   3 22   7 1   9 24   13 9   20 144   21 66   23 32   26 68   27 64   28 44   31 1   40 40   42 64   43 64   48 19   50 80   53 2   57 246   60 74   61 2   62 196   66 224   68 48   74 16   75 96   76 1   77 82   79 8   87 134   88 18   90 36   91 10   98 9   107 80   108 8   115 44   117 12   118 148   119 2   121 4   125 168   127 20   129 64   132 67   134 70   136 4   137 107   140 34   141 129   144 32   145 128   148 40   150 194   152 128   160 98   163 130   169 8   171 48   173 98   176 1   179 81   181 16   183 96   186 36   187 128   188 230   189 160   191 1   193 133   196 1   197 160   198 4   200 88   202 1   206 193   211 40   213 26   215 21   219 3   220 64   221 140   222 20   224 34   225 98   228 130   229 208   232 71   234 5   236 111   
15  8     9 24   49 82   60 3   86 17   88 128   96 132   107 16   109 64   159 49   161 136   184 128   196 9   220 196   228 3   230 224   
9  7     18 249   42 10   51 16   83 4   115 216   119 66   173 184   187 34   236 96   
49  49     7 44   16 172   21 3   24 132   26 3   28 192   33 64   38 37   39 65   41 1   47 34   52 32   57 8   58 130   67 64   72 12   79 37   86 136   94 200   95 68   97 4   101 112   104 84   105 67   108 12   114 9   116 110   122 104   124 50   125 49   132 136   135 192   136 35   138 114   153 32   156 16   157 14   164 136   171 26   172 6   174 4   190 1   193 130   208 218   212 134   218 11   225 128   235 18   237 64   
13  6     25 18   58 162   73 66   88 12   105 64   118 37   126 129   159 16   176 13   180 68   220 44   222 8   226 89   
4  5     41 220   118 42   176 76   222 126   
1  2     113 64   
56  57     9 193   15 29   16 101   19 4   24 20   25 4   29 33   32 28   33 12   37 96   40 192   41 8   47 2   52 36   53 8   57 64   60 16   65 9   72 20   85 160   86 210   99 128   107 192   112 74   115 210   116 1   117 30   121 16   125 71   135 18   136 134   137 145   144 142   149 129   156 128   159 4   160 5   165 140   167 112   168 129   170 2   173 60   174 206   182 32   188 40   189 70   193 26   201 24   207 136   208 21   214 32   218 208   226 34   233 68   236 89   237 120   
7  6     81 6   85 65   115 164   134 192   171 80   173 96   236 98   
8  0     118 57   135 177   138 196   153 6   176 211   203 20   212 98   222 104   
10  9     6 80   24 144   46 65   57 145   72 146   104 156   106 194   125 20   181 1   225 142   
18  19     44 66   64 82   79 4   98 65   100 156   102 151   111 12   130 4   132 130   154 133   171 72   177 68   191 68   207 97   215 40   223 76   232 130   234 224   
4  4     84 133   116 10   174 187   237 172   
6  7     1 152   88 2   109 66   184 30   220 192   230 227   
