***MappingChart***
number_of_signal
1024
length_of_signal
10
Coordinate
-1  -1  -1  -1  -1  -1  -1  -1  -1
1  -1  -1  -1  -1  -1  -1  -1  -1
-1  1  -1  -1  -1  -1  -1  -1  -1
1  1  -1  -1  -1  -1  -1  -1  -1
-1  -1  1  -1  -1  -1  -1  -1  -1
1  -1  1  -1  -1  -1  -1  -1  -1
-1  1  1  -1  -1  -1  -1  -1  -1
1  1  1  -1  -1  -1  -1  -1  -1
-1  -1  -1  1  -1  -1  -1  -1  -1
1  -1  -1  1  -1  -1  -1  -1  -1
-1  1  -1  1  -1  -1  -1  -1  -1
1  1  -1  1  -1  -1  -1  -1  -1
-1  -1  1  1  -1  -1  -1  -1  -1
1  -1  1  1  -1  -1  -1  -1  -1
-1  1  1  1  -1  -1  -1  -1  -1
1  1  1  1  -1  -1  -1  -1  -1
-1  -1  -1  -1  1  -1  -1  -1 -1 
1  -1  -1  -1  1  -1  -1  -1  -1
-1  1  -1  -1  1  -1  -1  -1  -1
1  1  -1  -1  1  -1  -1  -1  -1
-1  -1  1  -1  1  -1  -1  -1  -1
1  -1  1  -1  1  -1  -1  -1  -1
-1  1  1  -1  1  -1  -1  -1  -1
1  1  1  -1  1  -1  -1  -1  -1
-1  -1  -1  1  1  -1  -1  -1  -1
1  -1  -1  1  1  -1  -1  -1  -1
-1  1  -1  1  1  -1  -1  -1  -1
1  1  -1  1  1  -1  -1  -1  -1
-1  -1  1  1  1  -1  -1  -1  -1
1  -1  1  1  1  -1  -1  -1  -1
-1  1  1  1  1  -1  -1  -1  -1
1  1  1  1  1  -1  -1  -1  -1
-1  -1  -1  -1  -1  1  -1  -1  
1  -1  -1  -1  -1  1  -1  -1 -1 
-1  1  -1  -1  -1  1  -1  -1  -1
1  1  -1  -1  -1  1  -1  -1  -1
-1  -1  1  -1  -1  1  -1  -1  -1
1  -1  1  -1  -1  1  -1  -1  -1
-1  1  1  -1  -1  1  -1  -1  -1
1  1  1  -1  -1  1  -1  -1  -1
-1  -1  -1  1  -1  1  -1  -1  -1
1  -1  -1  1  -1  1  -1  -1  -1
-1  1  -1  1  -1  1  -1  -1  -1
1  1  -1  1  -1  1  -1  -1  -1
-1  -1  1  1  -1  1  -1  -1  -1
1  -1  1  1  -1  1  -1  -1  -1
-1  1  1  1  -1  1  -1  -1  -1
1  1  1  1  -1  1  -1  -1  -1
-1  -1  -1  -1  1  1  -1  -1 -1 
1  -1  -1  -1  1  1  -1  -1  -1
-1  1  -1  -1  1  1  -1  -1  -1
1  1  -1  -1  1  1  -1  -1  -1
-1  -1  1  -1  1  1  -1  -1  -1
1  -1  1  -1  1  1  -1  -1  -1
-1  1  1  -1  1  1  -1  -1  -1
1  1  1  -1  1  1  -1  -1  -1
-1  -1  -1  1  1  1  -1  -1  -1
1  -1  -1  1  1  1  -1  -1  -1
-1  1  -1  1  1  1  -1  -1  -1
1  1  -1  1  1  1  -1  -1  -1
-1  -1  1  1  1  1  -1  -1  -1
1  -1  1  1  1  1  -1  -1  -1
-1  1  1  1  1  1  -1  -1  -1
1  1  1  1  1  1  -1  -1  -1
-1  -1  -1  -1  -1  -1  1  -1 -1 
1  -1  -1  -1  -1  -1  1  -1  -1
-1  1  -1  -1  -1  -1  1  -1  -1
1  1  -1  -1  -1  -1  1  -1  -1
-1  -1  1  -1  -1  -1  1  -1  -1
1  -1  1  -1  -1  -1  1  -1  -1
-1  1  1  -1  -1  -1  1  -1  -1
1  1  1  -1  -1  -1  1  -1  -1
-1  -1  -1  1  -1  -1  1  -1  -1
1  -1  -1  1  -1  -1  1  -1  -1
-1  1  -1  1  -1  -1  1  -1  -1
1  1  -1  1  -1  -1  1  -1  -1
-1  -1  1  1  -1  -1  1  -1  -1
1  -1  1  1  -1  -1  1  -1  -1
-1  1  1  1  -1  -1  1  -1  -1
1  1  1  1  -1  -1  1  -1  -1
-1  -1  -1  -1  1  -1  1  -1 -1 
1  -1  -1  -1  1  -1  1  -1  -1
-1  1  -1  -1  1  -1  1  -1  -1
1  1  -1  -1  1  -1  1  -1  -1
-1  -1  1  -1  1  -1  1  -1  -1
1  -1  1  -1  1  -1  1  -1  -1
-1  1  1  -1  1  -1  1  -1  -1
1  1  1  -1  1  -1  1  -1  -1
-1  -1  -1  1  1  -1  1  -1  -1
1  -1  -1  1  1  -1  1  -1  -1
-1  1  -1  1  1  -1  1  -1  -1
1  1  -1  1  1  -1  1  -1  -1
-1  -1  1  1  1  -1  1  -1  -1
1  -1  1  1  1  -1  1  -1  -1
-1  1  1  1  1  -1  1  -1  -1
1  1  1  1  1  -1  1  -1  -1
-1  -1  -1  -1  -1  1  1  -1 -1  
1  -1  -1  -1  -1  1  1  -1  -1
-1  1  -1  -1  -1  1  1  -1  -1
1  1  -1  -1  -1  1  1  -1  -1
-1  -1  1  -1  -1  1  1  -1  -1
1  -1  1  -1  -1  1  1  -1  -1
-1  1  1  -1  -1  1  1  -1  -1
1  1  1  -1  -1  1  1  -1  -1
-1  -1  -1  1  -1  1  1  -1  -1
1  -1  -1  1  -1  1  1  -1  -1
-1  1  -1  1  -1  1  1  -1  -1
1  1  -1  1  -1  1  1  -1  -1
-1  -1  1  1  -1  1  1  -1  -1
1  -1  1  1  -1  1  1  -1  -1
-1  1  1  1  -1  1  1  -1  -1
1  1  1  1  -1  1  1  -1  -1
-1  -1  -1  -1  1  1  1  -1 -1 
1  -1  -1  -1  1  1  1  -1  -1
-1  1  -1  -1  1  1  1  -1  -1
1  1  -1  -1  1  1  1  -1  -1
-1  -1  1  -1  1  1  1  -1  -1
1  -1  1  -1  1  1  1  -1  -1
-1  1  1  -1  1  1  1  -1  -1
1  1  1  -1  1  1  1  -1  -1
-1  -1  -1  1  1  1  1  -1  -1
1  -1  -1  1  1  1  1  -1  -1
-1  1  -1  1  1  1  1  -1  -1
1  1  -1  1  1  1  1  -1  -1
-1  -1  1  1  1  1  1  -1  -1
1  -1  1  1  1  1  1  -1  -1
-1  1  1  1  1  1  1  -1  -1
1  1  1  1  1  1  1  -1  -1
-1  -1  -1  -1  -1  -1  -1  1 -1  
1  -1  -1  -1  -1  -1  -1  1  -1
-1  1  -1  -1  -1  -1  -1  1  -1
1  1  -1  -1  -1  -1  -1  1  -1
-1  -1  1  -1  -1  -1  -1  1  -1
1  -1  1  -1  -1  -1  -1  1  -1
-1  1  1  -1  -1  -1  -1  1  -1
1  1  1  -1  -1  -1  -1  1  -1
-1  -1  -1  1  -1  -1  -1  1  -1
1  -1  -1  1  -1  -1  -1  1  -1
-1  1  -1  1  -1  -1  -1  1  -1
1  1  -1  1  -1  -1  -1  1  -1
-1  -1  1  1  -1  -1  -1  1  -1
1  -1  1  1  -1  -1  -1  1  -1
-1  1  1  1  -1  -1  -1  1  -1
1  1  1  1  -1  -1  -1  1  -1
-1  -1  -1  -1  1  -1  -1  1 -1 
1  -1  -1  -1  1  -1  -1  1  -1
-1  1  -1  -1  1  -1  -1  1  -1
1  1  -1  -1  1  -1  -1  1  -1
-1  -1  1  -1  1  -1  -1  1  -1
1  -1  1  -1  1  -1  -1  1  -1
-1  1  1  -1  1  -1  -1  1  -1
1  1  1  -1  1  -1  -1  1  -1
-1  -1  -1  1  1  -1  -1  1  -1
1  -1  -1  1  1  -1  -1  1  -1
-1  1  -1  1  1  -1  -1  1  -1
1  1  -1  1  1  -1  -1  1  -1
-1  -1  1  1  1  -1  -1  1  -1
1  -1  1  1  1  -1  -1  1  -1
-1  1  1  1  1  -1  -1  1  -1
1  1  1  1  1  -1  -1  1  -1
-1  -1  -1  -1  -1  1  -1  1 -1  
1  -1  -1  -1  -1  1  -1  1  -1
-1  1  -1  -1  -1  1  -1  1  -1
1  1  -1  -1  -1  1  -1  1  -1
-1  -1  1  -1  -1  1  -1  1  -1
1  -1  1  -1  -1  1  -1  1  -1
-1  1  1  -1  -1  1  -1  1  -1
1  1  1  -1  -1  1  -1  1  -1
-1  -1  -1  1  -1  1  -1  1  -1
1  -1  -1  1  -1  1  -1  1  -1
-1  1  -1  1  -1  1  -1  1  -1
1  1  -1  1  -1  1  -1  1  -1
-1  -1  1  1  -1  1  -1  1  -1
1  -1  1  1  -1  1  -1  1  -1
-1  1  1  1  -1  1  -1  1  -1
1  1  1  1  -1  1  -1  1  -1
-1  -1  -1  -1  1  1  -1  1 -1 
1  -1  -1  -1  1  1  -1  1  -1
-1  1  -1  -1  1  1  -1  1  -1
1  1  -1  -1  1  1  -1  1  -1
-1  -1  1  -1  1  1  -1  1  -1
1  -1  1  -1  1  1  -1  1  -1
-1  1  1  -1  1  1  -1  1  -1
1  1  1  -1  1  1  -1  1  -1
-1  -1  -1  1  1  1  -1  1  -1
1  -1  -1  1  1  1  -1  1  -1
-1  1  -1  1  1  1  -1  1  -1
1  1  -1  1  1  1  -1  1  -1
-1  -1  1  1  1  1  -1  1  -1
1  -1  1  1  1  1  -1  1  -1
-1  1  1  1  1  1  -1  1  -1
1  1  1  1  1  1  -1  1  -1
-1  -1  -1  -1  -1  -1  1  1 -1  
1  -1  -1  -1  -1  -1  1  1  -1
-1  1  -1  -1  -1  -1  1  1  -1
1  1  -1  -1  -1  -1  1  1  -1
-1  -1  1  -1  -1  -1  1  1  -1
1  -1  1  -1  -1  -1  1  1  -1
-1  1  1  -1  -1  -1  1  1  -1
1  1  1  -1  -1  -1  1  1  -1
-1  -1  -1  1  -1  -1  1  1  -1
1  -1  -1  1  -1  -1  1  1  -1
-1  1  -1  1  -1  -1  1  1  -1
1  1  -1  1  -1  -1  1  1  -1
-1  -1  1  1  -1  -1  1  1  -1
1  -1  1  1  -1  -1  1  1  -1
-1  1  1  1  -1  -1  1  1  -1
1  1  1  1  -1  -1  1  1  -1
-1  -1  -1  -1  1  -1  1  1 -1 
1  -1  -1  -1  1  -1  1  1  -1
-1  1  -1  -1  1  -1  1  1  -1
1  1  -1  -1  1  -1  1  1  -1
-1  -1  1  -1  1  -1  1  1  -1
1  -1  1  -1  1  -1  1  1  -1
-1  1  1  -1  1  -1  1  1  -1
1  1  1  -1  1  -1  1  1  -1
-1  -1  -1  1  1  -1  1  1  -1
1  -1  -1  1  1  -1  1  1  -1
-1  1  -1  1  1  -1  1  1  -1
1  1  -1  1  1  -1  1  1  -1
-1  -1  1  1  1  -1  1  1  -1
1  -1  1  1  1  -1  1  1  -1
-1  1  1  1  1  -1  1  1  -1
1  1  1  1  1  -1  1  1  -1
-1  -1  -1  -1  -1  1  1  1 -1  
1  -1  -1  -1  -1  1  1  1  -1
-1  1  -1  -1  -1  1  1  1  -1
1  1  -1  -1  -1  1  1  1  -1
-1  -1  1  -1  -1  1  1  1  -1
1  -1  1  -1  -1  1  1  1  -1
-1  1  1  -1  -1  1  1  1  -1
1  1  1  -1  -1  1  1  1  -1
-1  -1  -1  1  -1  1  1  1  -1
1  -1  -1  1  -1  1  1  1  -1
-1  1  -1  1  -1  1  1  1  -1
1  1  -1  1  -1  1  1  1  -1
-1  -1  1  1  -1  1  1  1  -1
1  -1  1  1  -1  1  1  1  -1
-1  1  1  1  -1  1  1  1  -1
1  1  1  1  -1  1  1  1  -1
-1  -1  -1  -1  1  1  1  1 -1 
1  -1  -1  -1  1  1  1  1  -1
-1  1  -1  -1  1  1  1  1  -1
1  1  -1  -1  1  1  1  1  -1
-1  -1  1  -1  1  1  1  1  -1
1  -1  1  -1  1  1  1  1  -1
-1  1  1  -1  1  1  1  1  -1
1  1  1  -1  1  1  1  1  -1
-1  -1  -1  1  1  1  1  1  -1
1  -1  -1  1  1  1  1  1  -1
-1  1  -1  1  1  1  1  1  -1
1  1  -1  1  1  1  1  1  -1
-1  -1  1  1  1  1  1  1  -1
1  -1  1  1  1  1  1  1  -1
-1  1  1  1  1  1  1  1  -1
1  1  1  1  1  1  1  1  -1

