***MappingChart***
number_of_signal
32
length_of_signal
5
signal_set
-1  -1  -1  -1  -1
1  -1  -1  -1  -1
-1  1  -1  -1  -1
1  1  -1  -1  -1
-1  -1  1  -1  -1
1  -1  1  -1  -1
-1  1  1  -1  -1
1  1  1  -1  -1
-1  -1  -1  1  -1
1  -1  -1  1  -1
-1  1  -1  1  -1
1  1  -1  1  -1
-1  -1  1  1  -1
1  -1  1  1  -1
-1  1  1  1  -1
1  1  1  1  -1
-1  -1  -1  -1  1
1  -1  -1  -1  1
-1  1  -1  -1  1
1  1  -1  -1  1
-1  -1  1  -1  1
1  -1  1  -1  1
-1  1  1  -1  1
1  1  1  -1  1
-1  -1  -1  1  1
1  -1  -1  1  1
-1  1  -1  1  1
1  1  -1  1  1
-1  -1  1  1  1
1  -1  1  1  1
-1  1  1  1  1
1  1  1  1  1
