***MappingChart***
number_of_signal
256
length_of_signal
8
signal_set
-1  -1  -1  -1  -1  -1  -1  -1
1  -1  -1  -1  -1  -1  -1  -1
-1  1  -1  -1  -1  -1  -1  -1
1  1  -1  -1  -1  -1  -1  -1
-1  -1  1  -1  -1  -1  -1  -1
1  -1  1  -1  -1  -1  -1  -1
-1  1  1  -1  -1  -1  -1  -1
1  1  1  -1  -1  -1  -1  -1
-1  -1  -1  1  -1  -1  -1  -1
1  -1  -1  1  -1  -1  -1  -1
-1  1  -1  1  -1  -1  -1  -1
1  1  -1  1  -1  -1  -1  -1
-1  -1  1  1  -1  -1  -1  -1
1  -1  1  1  -1  -1  -1  -1
-1  1  1  1  -1  -1  -1  -1
1  1  1  1  -1  -1  -1  -1
-1  -1  -1  -1  1  -1  -1  -1
1  -1  -1  -1  1  -1  -1  -1
-1  1  -1  -1  1  -1  -1  -1
1  1  -1  -1  1  -1  -1  -1
-1  -1  1  -1  1  -1  -1  -1
1  -1  1  -1  1  -1  -1  -1
-1  1  1  -1  1  -1  -1  -1
1  1  1  -1  1  -1  -1  -1
-1  -1  -1  1  1  -1  -1  -1
1  -1  -1  1  1  -1  -1  -1
-1  1  -1  1  1  -1  -1  -1
1  1  -1  1  1  -1  -1  -1
-1  -1  1  1  1  -1  -1  -1
1  -1  1  1  1  -1  -1  -1
-1  1  1  1  1  -1  -1  -1
1  1  1  1  1  -1  -1  -1
-1  -1  -1  -1  -1  1  -1  -1
1  -1  -1  -1  -1  1  -1  -1
-1  1  -1  -1  -1  1  -1  -1
1  1  -1  -1  -1  1  -1  -1
-1  -1  1  -1  -1  1  -1  -1
1  -1  1  -1  -1  1  -1  -1
-1  1  1  -1  -1  1  -1  -1
1  1  1  -1  -1  1  -1  -1
-1  -1  -1  1  -1  1  -1  -1
1  -1  -1  1  -1  1  -1  -1
-1  1  -1  1  -1  1  -1  -1
1  1  -1  1  -1  1  -1  -1
-1  -1  1  1  -1  1  -1  -1
1  -1  1  1  -1  1  -1  -1
-1  1  1  1  -1  1  -1  -1
1  1  1  1  -1  1  -1  -1
-1  -1  -1  -1  1  1  -1  -1
1  -1  -1  -1  1  1  -1  -1
-1  1  -1  -1  1  1  -1  -1
1  1  -1  -1  1  1  -1  -1
-1  -1  1  -1  1  1  -1  -1
1  -1  1  -1  1  1  -1  -1
-1  1  1  -1  1  1  -1  -1
1  1  1  -1  1  1  -1  -1
-1  -1  -1  1  1  1  -1  -1
1  -1  -1  1  1  1  -1  -1
-1  1  -1  1  1  1  -1  -1
1  1  -1  1  1  1  -1  -1
-1  -1  1  1  1  1  -1  -1
1  -1  1  1  1  1  -1  -1
-1  1  1  1  1  1  -1  -1
1  1  1  1  1  1  -1  -1
-1  -1  -1  -1  -1  -1  1  -1
1  -1  -1  -1  -1  -1  1  -1
-1  1  -1  -1  -1  -1  1  -1
1  1  -1  -1  -1  -1  1  -1
-1  -1  1  -1  -1  -1  1  -1
1  -1  1  -1  -1  -1  1  -1
-1  1  1  -1  -1  -1  1  -1
1  1  1  -1  -1  -1  1  -1
-1  -1  -1  1  -1  -1  1  -1
1  -1  -1  1  -1  -1  1  -1
-1  1  -1  1  -1  -1  1  -1
1  1  -1  1  -1  -1  1  -1
-1  -1  1  1  -1  -1  1  -1
1  -1  1  1  -1  -1  1  -1
-1  1  1  1  -1  -1  1  -1
1  1  1  1  -1  -1  1  -1
-1  -1  -1  -1  1  -1  1  -1
1  -1  -1  -1  1  -1  1  -1
-1  1  -1  -1  1  -1  1  -1
1  1  -1  -1  1  -1  1  -1
-1  -1  1  -1  1  -1  1  -1
1  -1  1  -1  1  -1  1  -1
-1  1  1  -1  1  -1  1  -1
1  1  1  -1  1  -1  1  -1
-1  -1  -1  1  1  -1  1  -1
1  -1  -1  1  1  -1  1  -1
-1  1  -1  1  1  -1  1  -1
1  1  -1  1  1  -1  1  -1
-1  -1  1  1  1  -1  1  -1
1  -1  1  1  1  -1  1  -1
-1  1  1  1  1  -1  1  -1
1  1  1  1  1  -1  1  -1
-1  -1  -1  -1  -1  1  1  -1
1  -1  -1  -1  -1  1  1  -1
-1  1  -1  -1  -1  1  1  -1
1  1  -1  -1  -1  1  1  -1
-1  -1  1  -1  -1  1  1  -1
1  -1  1  -1  -1  1  1  -1
-1  1  1  -1  -1  1  1  -1
1  1  1  -1  -1  1  1  -1
-1  -1  -1  1  -1  1  1  -1
1  -1  -1  1  -1  1  1  -1
-1  1  -1  1  -1  1  1  -1
1  1  -1  1  -1  1  1  -1
-1  -1  1  1  -1  1  1  -1
1  -1  1  1  -1  1  1  -1
-1  1  1  1  -1  1  1  -1
1  1  1  1  -1  1  1  -1
-1  -1  -1  -1  1  1  1  -1
1  -1  -1  -1  1  1  1  -1
-1  1  -1  -1  1  1  1  -1
1  1  -1  -1  1  1  1  -1
-1  -1  1  -1  1  1  1  -1
1  -1  1  -1  1  1  1  -1
-1  1  1  -1  1  1  1  -1
1  1  1  -1  1  1  1  -1
-1  -1  -1  1  1  1  1  -1
1  -1  -1  1  1  1  1  -1
-1  1  -1  1  1  1  1  -1
1  1  -1  1  1  1  1  -1
-1  -1  1  1  1  1  1  -1
1  -1  1  1  1  1  1  -1
-1  1  1  1  1  1  1  -1
1  1  1  1  1  1  1  -1
-1  -1  -1  -1  -1  -1  -1  1
1  -1  -1  -1  -1  -1  -1  1
-1  1  -1  -1  -1  -1  -1  1
1  1  -1  -1  -1  -1  -1  1
-1  -1  1  -1  -1  -1  -1  1
1  -1  1  -1  -1  -1  -1  1
-1  1  1  -1  -1  -1  -1  1
1  1  1  -1  -1  -1  -1  1
-1  -1  -1  1  -1  -1  -1  1
1  -1  -1  1  -1  -1  -1  1
-1  1  -1  1  -1  -1  -1  1
1  1  -1  1  -1  -1  -1  1
-1  -1  1  1  -1  -1  -1  1
1  -1  1  1  -1  -1  -1  1
-1  1  1  1  -1  -1  -1  1
1  1  1  1  -1  -1  -1  1
-1  -1  -1  -1  1  -1  -1  1
1  -1  -1  -1  1  -1  -1  1
-1  1  -1  -1  1  -1  -1  1
1  1  -1  -1  1  -1  -1  1
-1  -1  1  -1  1  -1  -1  1
1  -1  1  -1  1  -1  -1  1
-1  1  1  -1  1  -1  -1  1
1  1  1  -1  1  -1  -1  1
-1  -1  -1  1  1  -1  -1  1
1  -1  -1  1  1  -1  -1  1
-1  1  -1  1  1  -1  -1  1
1  1  -1  1  1  -1  -1  1
-1  -1  1  1  1  -1  -1  1
1  -1  1  1  1  -1  -1  1
-1  1  1  1  1  -1  -1  1
1  1  1  1  1  -1  -1  1
-1  -1  -1  -1  -1  1  -1  1
1  -1  -1  -1  -1  1  -1  1
-1  1  -1  -1  -1  1  -1  1
1  1  -1  -1  -1  1  -1  1
-1  -1  1  -1  -1  1  -1  1
1  -1  1  -1  -1  1  -1  1
-1  1  1  -1  -1  1  -1  1
1  1  1  -1  -1  1  -1  1
-1  -1  -1  1  -1  1  -1  1
1  -1  -1  1  -1  1  -1  1
-1  1  -1  1  -1  1  -1  1
1  1  -1  1  -1  1  -1  1
-1  -1  1  1  -1  1  -1  1
1  -1  1  1  -1  1  -1  1
-1  1  1  1  -1  1  -1  1
1  1  1  1  -1  1  -1  1
-1  -1  -1  -1  1  1  -1  1
1  -1  -1  -1  1  1  -1  1
-1  1  -1  -1  1  1  -1  1
1  1  -1  -1  1  1  -1  1
-1  -1  1  -1  1  1  -1  1
1  -1  1  -1  1  1  -1  1
-1  1  1  -1  1  1  -1  1
1  1  1  -1  1  1  -1  1
-1  -1  -1  1  1  1  -1  1
1  -1  -1  1  1  1  -1  1
-1  1  -1  1  1  1  -1  1
1  1  -1  1  1  1  -1  1
-1  -1  1  1  1  1  -1  1
1  -1  1  1  1  1  -1  1
-1  1  1  1  1  1  -1  1
1  1  1  1  1  1  -1  1
-1  -1  -1  -1  -1  -1  1  1
1  -1  -1  -1  -1  -1  1  1
-1  1  -1  -1  -1  -1  1  1
1  1  -1  -1  -1  -1  1  1
-1  -1  1  -1  -1  -1  1  1
1  -1  1  -1  -1  -1  1  1
-1  1  1  -1  -1  -1  1  1
1  1  1  -1  -1  -1  1  1
-1  -1  -1  1  -1  -1  1  1
1  -1  -1  1  -1  -1  1  1
-1  1  -1  1  -1  -1  1  1
1  1  -1  1  -1  -1  1  1
-1  -1  1  1  -1  -1  1  1
1  -1  1  1  -1  -1  1  1
-1  1  1  1  -1  -1  1  1
1  1  1  1  -1  -1  1  1
-1  -1  -1  -1  1  -1  1  1
1  -1  -1  -1  1  -1  1  1
-1  1  -1  -1  1  -1  1  1
1  1  -1  -1  1  -1  1  1
-1  -1  1  -1  1  -1  1  1
1  -1  1  -1  1  -1  1  1
-1  1  1  -1  1  -1  1  1
1  1  1  -1  1  -1  1  1
-1  -1  -1  1  1  -1  1  1
1  -1  -1  1  1  -1  1  1
-1  1  -1  1  1  -1  1  1
1  1  -1  1  1  -1  1  1
-1  -1  1  1  1  -1  1  1
1  -1  1  1  1  -1  1  1
-1  1  1  1  1  -1  1  1
1  1  1  1  1  -1  1  1
-1  -1  -1  -1  -1  1  1  1
1  -1  -1  -1  -1  1  1  1
-1  1  -1  -1  -1  1  1  1
1  1  -1  -1  -1  1  1  1
-1  -1  1  -1  -1  1  1  1
1  -1  1  -1  -1  1  1  1
-1  1  1  -1  -1  1  1  1
1  1  1  -1  -1  1  1  1
-1  -1  -1  1  -1  1  1  1
1  -1  -1  1  -1  1  1  1
-1  1  -1  1  -1  1  1  1
1  1  -1  1  -1  1  1  1
-1  -1  1  1  -1  1  1  1
1  -1  1  1  -1  1  1  1
-1  1  1  1  -1  1  1  1
1  1  1  1  -1  1  1  1
-1  -1  -1  -1  1  1  1  1
1  -1  -1  -1  1  1  1  1
-1  1  -1  -1  1  1  1  1
1  1  -1  -1  1  1  1  1
-1  -1  1  -1  1  1  1  1
1  -1  1  -1  1  1  1  1
-1  1  1  -1  1  1  1  1
1  1  1  -1  1  1  1  1
-1  -1  -1  1  1  1  1  1
1  -1  -1  1  1  1  1  1
-1  1  -1  1  1  1  1  1
1  1  -1  1  1  1  1  1
-1  -1  1  1  1  1  1  1
1  -1  1  1  1  1  1  1
-1  1  1  1  1  1  1  1
1  1  1  1  1  1  1  1
