130   52   52   16

3   7

0   6  13   12     26   6     39   4     65   1     78   6     117   5   
1   6  14   11     27   3     40   4     66   6     79   2     118   12   
2   6  15   3     28   7     41   15     67   10     80   12     119   8   
3   6  16   13     29   12     42   7     68   11     81   12     120   6   
4   6  17   7     30   4     43   2     69   6     82   14     121   11   
5   6  18   7     31   10     44   9     70   7     83   10     122   7   
6   6  19   10     32   8     45   14     71   7     84   10     123   5   
7   6  20   3     33   3     46   3     72   4     85   12     124   2   
8   6  21   4     34   5     47   15     73   9     86   14     125   11   
9   6  22   8     35   11     48   8     74   10     87   3     126   13   
10   6  23   8     36   10     49   13     75   9     88   14     127   12   
11   6  24   7     37   9     50   13     76   10     89   9     128   8   
12   6  25   12     38   7     52   5     77   5     90   13     129   13   
13   7  0   5     37   14     49   1     61   8     85   7     109   3     121   3   
14   7  1   4     38   10     50   4     62   9     86   2     110   15     122   11   
15   7  2   9     26   15     52   4     63   15     87   15     111   10     123   1   
16   7  3   1     27   5     39   1     64   11     88   3     112   12     124   14   
17   7  4   9     28   3     40   12     51   3     89   7     113   15     125   4   
18   7  5   8     29   1     41   9     53   9     90   8     114   12     126   15   
19   7  6   3     30   11     42   12     54   12     78   15     115   10     127   4   
20   7  7   9     31   4     43   15     55   1     79   6     116   14     128   5   
21   7  8   14     32   4     44   9     56   14     80   3     104   13     129   2   
22   7  9   4     33   14     45   5     57   2     81   6     105   6     117   8   
23   7  10   14     34   13     46   8     58   7     82   6     106   11     118   5   
24   7  11   3     35   5     47   13     59   3     83   4     107   15     119   5   
25   7  12   7     36   9     48   13     60   10     84   5     108   5     120   8   
26   7  0   15     24   9     46   6     57   13     68   15     103   10     114   4   
27   7  1   13     25   8     47   9     58   1     69   6     91   15     115   10   
28   7  2   10     13   6     48   8     59   9     70   11     92   8     116   10   
29   7  3   4     14   4     49   3     60   1     71   11     93   11     104   8   
30   7  4   15     15   12     50   5     61   12     72   9     94   13     105   2   
31   7  5   10     16   3     52   3     62   3     73   2     95   11     106   1   
32   7  6   6     17   11     39   1     63   8     74   6     96   7     107   8   
33   7  7   6     18   3     40   14     64   3     75   12     97   11     108   13   
34   7  8   10     19   5     41   5     51   12     76   3     98   3     109   15   
35   7  9   2     20   15     42   14     53   15     77   11     99   11     110   1   
36   7  10   4     21   10     43   3     54   11     65   11     100   6     111   8   
37   7  11   5     22   10     44   12     55   3     66   6     101   7     112   5   
38   7  12   3     23   15     45   7     56   6     67   15     102   3     113   9   
39   6  0   10     21   7     29   6     58   1     66   15     95   3   
40   6  1   11     22   5     30   5     59   10     67   3     96   9   
41   6  2   2     23   7     31   8     60   6     68   15     97   11   
42   6  3   13     24   12     32   7     61   12     69   7     98   13   
43   6  4   11     25   3     33   6     62   6     70   14     99   8   
44   6  5   14     13   8     34   9     63   7     71   7     100   3   
45   6  6   11     14   3     35   13     64   15     72   11     101   6   
46   6  7   7     15   13     36   15     51   11     73   3     102   15   
47   6  8   12     16   7     37   5     53   14     74   4     103   12   
48   6  9   7     17   6     38   10     54   1     75   12     91   1   
49   6  10   13     18   12     26   8     55   14     76   1     92   14   
50   6  11   7     19   4     27   8     56   5     77   14     93   6   
51   6  12   8     20   10     28   15     57   7     65   7     94   11   
*****1's_location/per_col****
0   75  0   1     52   6     53   9     54   10     55   9     56   1     57   9     58   7     59   5     60   9     61   9     62   14     63   5     64   9     65   2     66   2     67   3     68   6     69   12     70   6     71   13     72   14     73   8     74   6     75   8     76   14     77   9     78   5     79   7     80   6     81   5     82   2     83   4     84   15     86   5     88   6     89   13     90   7     91   8     92   12     93   1     94   7     95   11     96   2     97   15     98   8     99   8     100   13     101   9     102   15     103   10     104   6     105   13     106   7     107   12     109   2     110   6     111   11     112   4     113   9     114   7     115   6     116   8     117   7     118   2     119   13     120   13     121   13     122   7     123   4     124   10     125   11     126   15     128   13     129   11   
1   77  1   1     52   7     53   5     54   15     55   11     56   14     57   3     58   1     59   2     60   11     61   10     62   12     63   7     64   13     65   4     66   5     67   1     68   14     69   11     70   4     71   10     72   10     73   13     74   3     75   15     76   6     77   3     78   14     79   2     80   8     82   4     83   7     84   7     85   14     86   1     87   11     88   13     89   14     90   12     91   10     92   14     93   8     94   9     95   2     96   6     97   11     98   12     99   7     100   13     101   13     102   10     103   10     104   11     105   7     106   7     107   2     108   6     109   6     111   12     112   13     113   4     114   7     115   1     116   11     117   3     118   1     119   13     120   10     121   4     122   7     123   12     124   13     125   1     126   10     127   14     128   3     129   14   
2   76  2   1     52   6     53   4     54   8     55   5     56   15     57   4     58   2     59   13     61   3     62   15     63   12     64   14     66   14     67   1     68   6     69   6     70   2     71   12     72   13     73   11     74   13     75   12     76   14     77   9     79   15     80   4     81   4     82   8     83   1     84   2     85   2     86   3     87   9     88   11     89   8     90   8     91   1     92   1     93   10     94   13     95   3     96   7     97   11     98   6     99   1     100   3     101   13     102   1     103   5     104   7     105   10     106   2     107   9     108   14     109   14     110   10     111   14     112   12     113   3     114   9     115   7     116   11     117   5     118   6     119   14     120   5     121   9     122   5     123   5     124   14     125   10     126   13     127   5     128   6     129   9   
3   75  3   1     52   3     53   4     54   14     55   14     56   3     57   14     58   10     59   11     60   10     61   14     62   2     63   4     64   3     66   5     67   2     68   12     69   11     70   2     71   3     73   3     74   5     75   1     76   2     77   12     78   5     79   10     80   2     81   6     83   4     84   5     85   7     86   5     87   4     88   8     89   7     90   5     91   3     92   12     93   1     94   11     95   13     96   4     97   11     98   11     99   9     100   15     101   12     102   14     103   5     104   2     105   3     106   7     107   1     108   7     109   4     110   7     111   3     112   12     113   5     114   15     115   5     116   10     117   5     118   2     119   12     120   12     121   11     122   5     123   3     124   7     125   9     126   13     127   2     128   1   
4   75  4   1     52   13     53   12     54   8     55   12     56   15     57   10     58   15     59   15     60   14     61   7     62   2     63   5     64   14     65   13     66   2     67   8     68   6     69   11     70   5     71   10     72   1     73   3     74   4     75   11     76   6     77   14     78   15     79   11     80   11     81   15     82   12     83   13     84   10     85   11     86   2     87   6     88   9     89   15     91   2     92   5     93   9     94   3     95   1     96   9     98   11     99   6     100   6     102   14     103   2     104   2     105   8     106   15     107   13     108   4     109   8     111   5     112   11     113   15     114   13     115   12     116   10     117   15     118   11     119   12     120   2     121   12     122   2     123   5     124   12     125   1     126   6     127   15     128   15     129   13   
5   72  5   1     52   15     53   13     54   12     55   5     56   8     57   9     58   13     59   2     60   11     62   12     64   6     65   14     66   5     67   3     68   9     69   13     70   3     71   15     72   12     73   11     74   11     75   1     76   1     78   15     79   13     80   12     81   15     82   8     83   1     84   14     85   11     86   5     87   1     88   6     89   7     90   9     91   15     92   14     93   13     94   2     95   10     96   14     97   6     99   3     100   11     103   4     104   7     105   9     106   4     107   15     108   15     109   14     110   11     112   14     113   2     114   6     115   11     116   6     117   7     118   11     119   11     120   11     121   13     122   15     123   12     124   4     125   10     126   3     127   5     128   8     129   10   
6   75  6   1     52   10     53   12     54   11     55   15     56   8     57   2     58   8     59   1     60   8     61   6     62   6     63   2     64   14     65   5     66   10     67   15     69   8     70   13     71   1     72   5     73   7     74   5     75   10     76   13     77   13     78   2     79   9     80   12     81   3     82   8     83   14     84   7     85   12     86   11     87   8     88   6     89   13     90   2     91   14     92   8     93   8     94   12     95   12     96   13     98   4     99   11     100   2     101   8     102   2     103   1     104   2     105   4     106   11     107   10     108   15     110   2     111   3     112   3     113   11     114   8     115   11     117   12     118   2     119   3     120   10     121   12     122   12     123   14     124   11     125   6     126   14     127   2     128   14     129   6   
7   74  7   1     52   3     53   15     54   13     55   4     56   6     57   2     58   13     59   14     61   5     62   1     63   15     64   6     65   9     66   1     67   11     68   12     69   4     70   2     71   9     72   7     73   2     74   12     75   4     76   6     77   4     78   10     79   12     80   10     81   12     82   10     83   4     84   14     85   9     86   9     87   1     89   5     90   11     92   9     93   10     94   4     95   14     96   15     97   15     98   13     99   14     100   1     101   3     102   8     104   2     105   13     106   3     107   11     108   15     109   8     110   13     111   3     112   14     113   14     114   12     115   1     116   7     117   13     119   4     120   5     121   6     122   10     123   4     124   8     125   6     126   13     127   9     128   9     129   15   
8   76  8   1     52   12     53   4     54   13     55   5     56   10     57   12     58   12     59   15     61   15     62   7     63   2     64   8     65   4     66   9     67   10     68   7     69   1     70   5     71   1     72   15     73   10     74   5     75   11     76   7     77   4     78   5     79   7     80   1     81   8     82   6     83   3     84   5     85   4     87   10     88   5     89   10     90   6     91   11     92   12     93   7     94   14     95   14     96   9     97   5     98   3     99   5     100   11     101   3     102   14     103   7     104   12     105   3     106   10     107   12     108   2     109   1     110   3     111   9     113   2     114   7     115   7     116   14     117   13     118   5     119   8     120   5     121   1     122   13     123   6     124   11     125   6     126   13     127   14     128   4     129   4   
9   75  9   1     52   3     53   10     54   10     55   9     56   12     57   10     58   1     59   2     60   12     61   10     62   6     63   3     64   11     65   15     66   7     67   15     68   9     69   3     70   13     71   4     72   9     73   10     74   1     75   1     76   11     77   2     78   12     79   11     80   9     81   15     82   13     83   12     84   14     85   12     86   8     87   3     89   14     90   12     91   9     92   12     94   14     95   10     96   9     97   7     98   15     99   12     100   12     101   8     102   5     103   6     104   15     105   1     106   10     107   10     108   6     109   2     110   5     111   15     113   1     114   10     115   4     116   7     117   14     118   10     119   4     120   11     121   1     122   10     123   7     124   10     125   13     126   8     127   5     129   13   
10   78  10   1     52   7     53   7     54   4     55   9     56   10     57   2     58   5     59   15     60   2     61   3     62   14     63   14     64   5     65   11     66   14     67   6     68   8     69   12     70   11     71   11     72   13     73   9     74   15     75   1     76   14     77   15     78   14     79   14     80   12     81   7     82   9     83   8     84   13     85   5     86   2     87   15     88   1     89   2     90   11     91   8     92   2     93   8     94   13     95   8     96   14     97   12     98   8     99   6     100   13     101   8     102   3     103   13     104   12     105   4     106   7     107   1     108   12     109   9     110   1     111   6     112   8     113   15     115   8     116   14     117   10     118   10     119   3     120   6     121   1     122   11     123   14     124   5     125   8     126   11     127   12     128   14     129   5   
11   73  11   1     53   8     54   15     55   13     56   12     57   13     58   3     59   1     60   10     61   2     62   2     63   1     64   14     65   15     66   1     67   14     68   10     69   8     70   9     71   9     72   10     73   13     74   11     75   6     76   10     77   15     78   15     79   9     80   6     81   7     82   2     83   11     84   6     85   7     87   2     88   14     89   12     90   9     91   12     92   9     93   8     94   3     95   4     96   12     97   6     98   8     99   13     100   2     101   1     102   2     103   1     104   11     106   7     107   4     108   7     109   3     111   1     112   8     113   4     114   5     115   10     116   10     117   3     118   3     119   7     120   12     123   11     124   15     125   3     126   4     127   13     128   12     129   11   
12   76  12   1     52   13     53   11     54   2     55   12     56   5     57   3     58   15     59   12     60   3     61   15     62   1     64   12     65   14     66   12     67   10     68   12     69   13     70   2     71   8     72   2     73   1     74   7     75   15     76   8     77   7     78   1     79   10     80   8     81   1     82   14     83   15     84   8     85   10     86   1     87   9     88   6     89   15     90   6     91   4     92   15     93   9     95   9     96   1     97   7     98   14     99   1     100   1     101   3     102   4     103   6     104   7     105   11     106   7     107   12     108   3     109   5     111   1     112   2     113   1     114   1     115   5     116   2     117   4     118   11     119   12     120   8     121   15     122   14     123   2     124   14     125   4     126   13     127   10     128   12     129   10   
13   75  13   1     52   8     53   13     54   2     55   9     56   8     57   4     58   8     59   10     60   11     61   11     62   11     63   3     64   6     65   12     66   4     68   6     69   6     70   11     71   4     72   11     73   12     74   2     75   7     77   13     78   3     79   11     80   4     81   1     82   4     83   3     84   9     85   13     86   7     87   6     88   13     89   10     90   8     91   10     92   5     93   11     94   4     95   2     96   11     97   8     98   5     99   9     100   7     101   5     102   14     103   15     104   2     105   13     106   4     107   8     108   11     109   13     110   10     111   15     112   12     113   7     115   2     116   9     117   10     118   8     119   15     120   3     122   7     123   12     124   4     125   3     126   7     127   9     128   12     129   6   
14   73  14   1     52   3     53   9     54   9     55   10     56   7     57   3     59   10     60   2     61   7     62   13     63   3     64   7     65   1     66   1     67   7     68   2     69   15     70   10     71   10     72   7     73   8     74   3     75   2     76   4     77   11     78   10     79   8     80   3     81   3     82   9     83   12     84   15     85   10     87   4     88   13     89   5     90   2     91   2     92   8     93   4     94   10     95   3     96   15     97   4     98   7     99   13     100   13     101   7     102   14     103   15     104   4     105   4     106   2     107   3     108   12     109   10     110   8     112   1     113   12     114   2     115   7     116   11     117   8     119   15     120   5     121   4     122   13     124   7     125   6     126   6     127   4     128   12   
15   78  15   1     52   5     53   6     54   2     55   2     56   12     57   8     58   2     59   10     60   10     61   10     62   8     63   10     64   10     65   14     66   15     67   12     68   7     69   12     70   4     71   1     72   11     73   10     74   2     75   5     76   10     77   1     78   10     79   14     80   14     81   10     82   10     83   3     84   14     85   10     86   3     87   12     88   4     89   9     90   14     91   1     92   5     93   9     94   9     95   14     96   7     97   13     98   7     99   14     100   10     101   5     102   4     103   11     104   12     105   13     106   3     107   7     108   13     109   7     110   5     111   1     112   8     113   15     114   7     115   6     116   8     117   1     118   10     119   10     120   12     121   5     122   7     123   11     125   11     126   9     127   2     128   13     129   1   
16   71  16   1     52   5     53   8     54   14     55   13     56   5     57   3     58   8     59   12     60   15     62   15     64   7     65   2     66   13     67   10     68   3     69   8     70   10     71   4     72   14     74   15     75   6     76   6     78   4     79   8     80   14     81   4     82   5     83   6     84   2     85   15     86   13     87   6     88   7     89   1     90   3     91   4     92   2     93   8     94   12     95   1     96   2     97   7     99   10     100   15     103   11     104   1     105   3     106   5     107   4     108   4     109   2     110   15     112   2     113   12     114   7     115   15     116   7     117   1     118   15     119   15     120   15     121   8     122   4     123   14     124   11     125   9     126   10     127   13     128   5     129   9   
17   75  17   1     53   5     54   9     55   5     56   4     57   1     58   10     59   15     60   1     61   15     62   12     63   8     64   4     65   8     66   8     67   10     68   12     69   14     70   4     71   7     72   1     73   11     74   2     75   3     76   4     77   6     78   5     79   11     80   11     81   10     82   9     83   5     84   2     85   13     86   9     87   7     88   9     90   10     91   11     92   9     93   10     94   4     95   10     97   7     98   15     99   5     100   6     101   10     102   1     103   11     104   1     105   13     106   6     107   11     108   14     109   13     110   14     111   1     112   15     113   9     114   13     115   14     116   8     117   10     119   4     120   5     121   12     122   4     123   7     124   5     125   1     126   15     127   11     128   10     129   3   
18   76  18   1     52   3     53   6     54   14     55   1     56   12     57   7     59   12     60   5     61   6     62   6     63   1     64   6     65   9     66   15     67   6     68   4     69   14     70   8     71   15     72   9     74   12     75   13     76   5     77   14     78   8     79   6     80   15     81   6     82   8     83   14     84   7     86   13     87   1     88   7     89   1     90   13     91   14     92   10     93   2     94   9     95   15     96   2     97   1     98   4     99   6     100   14     101   8     102   7     103   13     104   7     105   15     106   5     107   6     108   10     109   11     110   14     111   2     112   1     113   11     114   13     115   13     116   4     117   9     118   1     119   9     120   4     121   6     122   2     123   2     124   6     125   2     126   6     127   6     128   11     129   12   
19   76  19   1     52   4     53   15     54   10     55   13     56   12     57   7     58   3     59   6     60   3     61   14     62   4     63   13     64   3     65   2     66   4     67   4     68   1     69   3     70   11     71   14     72   9     73   13     76   4     77   13     78   8     79   11     80   15     81   11     82   1     83   9     84   8     85   14     86   13     87   8     88   3     89   15     90   10     91   7     92   9     93   11     94   9     95   2     96   8     97   11     98   1     99   4     100   3     101   4     102   1     103   1     104   3     105   3     107   12     108   9     109   5     110   15     111   15     112   5     113   10     114   11     115   14     116   8     117   4     118   12     119   1     120   14     121   14     122   5     123   3     124   14     125   13     126   14     127   4     128   12     129   10   
20   78  20   1     52   9     53   2     54   7     55   1     56   11     57   14     58   4     59   7     60   12     61   15     62   7     63   1     64   15     65   8     66   5     67   2     68   4     69   4     70   14     71   4     72   5     73   9     74   15     75   4     76   15     77   3     78   13     79   1     80   8     81   12     82   6     84   7     85   2     86   15     87   10     88   10     89   3     90   7     91   14     92   4     93   3     94   4     95   1     96   13     97   1     98   3     99   4     100   1     101   11     102   3     103   6     104   15     105   14     106   4     107   2     108   8     109   3     110   1     111   15     112   4     113   14     114   12     115   8     116   2     117   8     118   8     119   3     120   1     121   3     122   15     123   12     124   6     125   13     126   11     127   15     128   14     129   2   
21   74  21   1     52   8     53   5     54   2     55   5     56   2     57   2     58   13     59   15     60   15     61   15     62   3     63   15     64   3     65   3     66   8     67   6     68   13     69   1     70   7     71   4     72   7     74   6     75   8     76   13     77   15     78   2     79   3     80   14     81   1     82   4     83   14     85   12     86   14     87   4     88   6     89   9     90   6     91   1     92   13     93   12     94   10     95   14     96   12     97   9     98   5     99   14     101   13     102   2     103   3     104   10     105   14     106   4     107   10     108   1     109   12     110   12     111   1     112   14     113   5     114   4     115   14     117   7     118   13     119   9     120   3     121   9     122   11     123   10     124   4     125   7     127   1     128   6     129   8   
22   73  22   1     52   10     53   13     54   14     55   15     56   10     57   6     58   15     59   13     60   6     61   3     62   15     63   3     64   11     65   14     66   11     67   13     68   11     69   12     70   15     71   2     72   14     74   2     75   5     76   5     77   13     78   6     80   12     81   12     82   1     83   8     84   7     85   10     86   14     87   2     88   1     89   2     90   11     91   6     92   5     93   6     95   5     96   13     97   4     98   14     99   13     100   4     101   14     102   4     103   6     104   12     105   14     107   2     108   11     109   6     110   11     111   9     112   9     113   12     114   10     115   10     116   7     117   9     118   1     119   2     120   6     121   10     123   6     124   7     125   4     127   13     128   3     129   5   
23   74  23   1     52   4     53   13     54   12     55   13     56   2     57   7     58   5     59   10     60   5     61   10     62   14     63   2     64   6     65   5     66   3     67   2     68   11     69   11     70   10     71   14     72   3     74   13     75   8     77   6     78   12     79   8     80   4     82   5     83   7     85   11     86   3     87   10     88   2     89   8     90   13     91   10     92   7     93   2     94   5     95   5     97   6     98   7     99   1     100   11     101   6     102   5     103   15     104   1     105   2     106   8     107   15     108   14     109   9     110   2     111   3     112   13     113   10     114   15     115   4     116   7     117   14     118   5     119   2     120   7     121   8     122   4     123   9     124   12     125   13     126   14     127   4     128   6     129   6   
24   76  24   1     53   3     54   6     55   13     56   15     57   3     58   8     59   2     60   7     61   8     62   1     63   14     64   11     65   1     66   9     67   3     68   9     69   12     70   15     71   1     72   9     73   7     74   12     75   7     77   9     78   6     79   3     80   6     81   7     82   8     83   2     84   1     85   5     87   4     88   1     89   3     90   3     91   8     92   5     93   8     94   8     95   5     96   11     97   12     98   11     99   6     100   10     101   6     102   13     103   6     104   7     105   11     106   2     107   8     108   14     109   6     110   14     111   1     112   1     113   9     114   5     115   6     116   14     117   12     118   1     119   4     120   1     121   9     122   15     123   11     124   10     125   3     126   14     127   9     128   5     129   1   
25   77  25   1     52   14     53   12     54   7     55   6     56   10     57   8     58   12     59   3     60   15     61   6     62   11     63   2     64   11     65   12     66   9     67   14     68   15     69   4     70   12     71   12     72   2     73   2     74   4     75   7     76   11     77   14     78   11     79   4     80   8     81   14     82   1     83   11     85   3     86   12     87   13     88   9     89   2     90   15     91   15     92   7     93   10     94   6     95   3     96   3     97   6     98   11     99   11     100   8     101   15     102   12     103   12     104   5     105   11     106   15     107   2     108   9     109   1     110   3     111   5     112   15     113   15     114   4     115   5     116   9     117   8     118   9     119   15     120   10     121   10     122   13     123   6     124   12     125   9     126   10     127   6     128   10   
26   76  26   1     52   13     53   3     54   6     55   7     56   9     57   3     58   8     59   1     61   12     62   9     63   4     64   13     66   13     67   4     68   11     69   11     70   8     71   5     72   1     73   10     74   1     75   5     76   13     77   2     79   9     80   3     81   3     82   6     83   4     84   8     85   8     86   12     87   3     88   10     89   6     90   6     91   4     92   4     93   14     94   1     95   12     96   15     97   10     98   11     99   4     100   12     101   1     102   4     103   7     104   15     105   14     106   8     107   2     108   13     109   13     110   14     111   2     112   5     113   12     114   2     115   15     116   10     117   7     118   11     119   13     120   7     121   2     122   7     123   15     124   13     125   14     126   1     127   7     128   11     129   2   
27   74  27   1     52   2     53   9     54   6     55   9     56   13     57   12     58   6     59   8     60   10     61   2     62   7     63   4     65   2     66   9     67   10     68   11     69   15     71   11     72   15     73   9     74   9     75   15     77   9     78   7     80   1     81   8     82   12     83   4     84   11     85   3     86   15     87   1     89   3     90   9     91   7     92   1     93   15     94   3     95   11     96   9     97   3     98   14     99   4     100   13     101   9     102   12     103   2     104   1     105   8     106   4     107   12     108   9     109   5     110   14     111   5     112   12     113   15     114   13     115   5     116   6     117   12     118   8     119   13     120   10     121   7     122   11     123   1     124   4     125   1     126   13     127   4     128   11     129   12   
28   70  28   1     52   13     56   10     57   15     58   1     59   4     60   15     61   2     62   7     63   15     64   5     65   8     66   9     67   12     68   6     69   10     70   14     71   3     72   13     73   2     74   8     75   1     78   11     79   14     80   11     81   4     83   8     84   1     85   12     86   6     87   10     88   2     89   10     90   5     92   1     93   4     94   14     95   9     96   11     97   13     98   6     99   5     100   3     101   4     102   7     103   10     104   8     105   8     106   11     107   2     108   6     109   11     110   15     111   6     112   2     113   9     114   4     115   8     116   6     117   4     118   12     119   13     120   5     121   10     122   14     123   3     125   2     127   11     128   10     129   12   
29   76  29   1     52   15     53   5     54   1     55   5     56   15     57   4     58   6     59   11     60   12     61   12     62   11     63   11     64   2     65   12     66   8     67   2     68   2     69   1     70   11     71   15     73   11     74   13     75   14     76   9     77   12     78   3     79   3     80   8     81   9     82   13     83   14     84   2     85   14     86   13     87   11     88   13     89   7     90   14     91   13     92   15     93   13     95   5     96   8     97   1     98   6     99   9     100   4     102   14     103   7     104   3     105   6     106   2     107   14     108   6     109   8     110   4     111   8     112   14     113   5     114   2     115   8     116   11     117   8     118   14     119   7     120   14     121   7     122   6     123   5     124   6     125   15     126   2     127   6     128   3     129   11   
30   72  30   1     53   6     55   3     56   13     57   14     58   6     59   14     60   10     61   6     62   9     63   9     64   4     65   12     67   10     68   12     70   13     71   7     72   11     73   15     74   10     75   11     76   6     77   5     78   1     79   1     80   8     81   12     82   3     83   2     84   13     85   13     86   7     87   14     88   14     89   5     90   13     91   3     92   2     93   2     94   13     95   4     96   2     97   8     98   8     99   7     100   11     101   1     102   1     103   3     105   4     106   10     107   3     108   8     109   5     110   11     111   15     112   6     113   14     115   3     116   11     117   1     118   8     119   13     120   3     121   8     122   10     124   8     125   13     126   5     127   10     128   11     129   2   
31   73  31   1     52   2     53   7     54   15     55   10     56   2     57   5     58   8     59   12     60   5     61   6     62   15     63   6     64   5     65   1     66   4     67   8     68   11     69   1     70   11     71   11     73   6     74   8     75   4     76   10     78   13     80   11     81   1     82   3     83   9     84   9     86   10     87   13     88   3     89   5     90   4     91   15     92   9     93   14     94   15     95   5     96   5     97   10     98   12     99   6     100   13     101   1     102   12     103   15     104   14     105   14     106   14     107   12     108   2     109   6     110   14     111   4     112   5     113   6     114   12     115   15     116   2     117   4     118   9     119   15     120   8     121   8     122   6     124   7     125   13     126   6     127   6     128   7   
32   77  32   1     52   11     53   7     54   11     55   3     56   14     57   8     58   6     59   8     60   3     61   14     62   13     63   13     64   3     65   14     66   9     67   2     68   13     69   2     70   6     71   5     72   7     73   7     74   10     75   4     76   3     77   13     78   12     79   14     80   1     81   9     82   9     83   9     85   14     86   14     87   11     88   2     89   12     90   15     91   2     92   9     93   1     94   14     95   1     96   14     97   3     98   7     99   6     100   7     101   8     102   3     103   12     104   15     105   3     106   2     107   1     108   6     109   4     110   6     111   5     112   4     113   9     114   2     115   12     116   4     117   10     118   13     119   7     120   4     122   11     123   3     124   11     125   5     126   9     127   4     128   11     129   14   
33   76  33   1     52   6     53   3     54   12     55   6     56   12     57   10     58   15     59   1     60   3     61   12     62   5     63   6     64   1     65   7     66   5     67   1     68   5     69   8     70   13     71   8     72   5     73   13     74   1     76   7     77   10     78   5     79   8     80   14     81   14     82   12     83   13     84   14     85   2     86   14     87   4     88   15     89   8     90   14     91   6     92   13     93   7     94   15     95   12     96   10     97   3     98   6     99   10     100   15     101   14     102   11     103   14     104   3     105   10     106   7     108   14     109   15     110   8     111   12     112   4     113   7     114   3     115   14     116   3     117   13     118   7     119   11     120   13     122   7     123   4     124   3     125   9     126   14     127   10     128   12     129   1   
34   77  34   1     52   1     53   3     54   14     55   14     56   10     57   2     58   12     60   13     61   14     62   6     63   11     64   14     65   2     66   10     67   2     68   4     69   13     70   12     71   8     72   6     73   4     74   5     75   6     76   15     77   4     78   15     79   9     80   4     81   9     82   13     83   10     84   13     85   7     86   15     87   5     89   6     90   5     91   7     92   10     93   9     94   1     95   10     96   11     97   15     98   15     99   10     100   12     101   15     102   1     103   11     104   13     105   10     106   5     107   1     108   4     109   1     110   14     111   2     112   2     113   4     114   4     115   5     116   12     117   6     118   8     119   1     120   6     121   7     122   3     123   15     124   5     125   9     126   11     127   14     128   6     129   6   
35   73  35   1     52   15     53   7     54   4     55   13     56   13     58   15     59   11     60   4     61   11     62   10     64   13     65   8     66   4     67   14     68   11     69   7     70   10     71   11     72   12     73   9     74   3     75   3     76   14     77   6     78   6     79   15     80   6     81   10     82   9     83   9     84   11     86   2     87   10     88   10     89   2     90   12     91   13     92   5     93   10     95   6     96   3     97   5     98   12     99   1     100   4     101   6     102   3     103   2     104   2     105   11     106   9     107   15     108   3     109   1     110   13     111   13     112   1     113   13     114   4     116   13     117   11     118   7     119   5     120   1     121   4     122   2     123   6     125   7     126   8     127   2     128   9     129   9   
36   73  36   1     52   14     53   10     54   14     55   8     56   4     57   2     58   10     59   12     60   3     61   10     62   15     63   8     64   10     66   14     68   15     69   1     70   14     71   15     72   2     73   10     75   5     76   11     77   6     78   8     79   7     80   10     81   7     82   6     83   5     84   14     85   3     86   10     87   8     88   4     89   7     90   4     91   12     93   11     95   9     96   10     98   6     99   9     100   10     101   3     102   4     103   2     104   9     105   8     106   8     107   4     108   12     109   8     110   14     111   1     112   10     113   10     114   13     115   6     116   7     117   7     118   12     119   11     120   1     121   6     122   8     123   9     124   1     125   2     126   12     127   10     128   8     129   9   
37   75  37   1     52   4     53   15     54   3     55   13     56   12     57   15     58   5     59   2     60   9     61   7     62   12     63   9     64   13     65   9     66   14     67   5     68   9     69   11     70   2     71   14     72   10     73   11     74   15     75   13     76   14     77   1     78   15     79   3     81   1     82   15     83   15     84   4     85   8     86   1     88   3     89   15     90   4     91   5     92   11     93   3     94   15     95   14     96   7     97   3     98   4     99   2     100   15     101   4     102   10     103   2     104   7     105   8     106   12     108   10     109   5     110   13     111   15     112   8     113   12     114   10     115   12     116   5     117   10     118   5     119   11     120   5     121   11     122   13     123   5     124   12     125   10     127   11     128   6     129   3   
38   78  38   1     52   6     53   4     54   12     55   2     56   6     57   9     58   4     59   1     60   5     61   2     62   8     63   15     64   8     65   4     66   7     67   11     68   5     69   13     70   4     71   4     72   15     73   15     74   13     75   12     76   8     77   6     78   8     79   13     80   9     81   11     82   14     83   8     85   1     86   4     87   10     88   7     89   15     90   13     91   5     92   12     93   6     94   2     95   1     96   1     97   2     98   8     99   8     100   9     101   5     102   4     103   4     104   3     105   8     106   5     107   15     108   7     109   14     110   1     111   3     112   5     113   5     114   13     115   3     116   7     117   9     118   7     119   5     120   6     121   6     122   10     123   2     124   4     125   7     126   6     127   2     128   6     129   8   
39   76  39   1     52   9     53   15     54   3     55   5     56   15     57   7     58   7     59   5     60   14     61   4     62   10     63   3     64   8     65   10     66   14     67   6     68   13     69   13     70   2     71   2     72   6     73   8     74   14     75   7     76   2     77   7     78   13     79   10     80   7     81   8     82   9     83   3     84   4     85   8     86   3     87   1     88   11     89   8     90   14     91   11     92   9     93   7     94   4     95   12     96   15     97   4     98   8     99   14     100   3     101   7     102   7     103   15     104   7     105   13     107   8     108   12     109   6     110   4     111   1     112   9     113   3     114   3     115   7     116   7     117   12     118   12     120   8     121   3     122   4     123   6     124   14     125   12     126   1     127   5     129   9   
40   76  40   1     52   2     53   1     54   8     55   11     57   15     58   11     59   15     60   2     61   9     62   7     63   9     64   1     65   14     66   12     67   15     68   6     69   13     70   9     71   3     72   8     73   7     74   8     75   5     76   11     77   13     78   6     79   12     80   14     81   12     82   6     83   13     84   14     85   5     86   9     87   15     88   8     89   1     90   14     91   3     92   1     93   2     94   5     96   6     97   7     98   12     99   11     100   9     101   3     102   7     103   12     104   15     105   13     106   15     107   15     108   12     109   14     110   8     111   7     112   3     113   7     114   13     115   6     116   4     118   5     119   5     120   3     121   4     122   2     123   4     124   2     125   3     126   6     127   8     128   4     129   5   
41   73  41   1     52   15     53   15     54   5     55   5     56   6     58   8     59   3     60   5     61   11     62   2     63   5     64   14     65   10     66   12     67   1     68   12     69   6     71   15     72   7     73   11     74   7     75   12     76   2     77   11     78   4     79   2     80   4     81   3     82   2     83   12     84   5     85   1     86   6     87   6     88   3     89   7     90   4     91   11     92   12     93   13     94   6     95   7     96   2     97   8     98   12     99   4     100   6     102   15     103   2     104   15     105   4     106   8     107   13     108   14     109   2     110   6     111   3     112   14     113   12     114   5     115   13     116   15     117   10     118   1     120   1     121   10     122   14     123   13     126   12     127   3     128   13     129   8   
42   72  42   1     52   11     53   15     54   7     55   1     56   11     57   6     58   14     59   2     60   5     61   4     62   9     63   8     64   2     65   7     66   11     68   11     69   2     70   7     71   3     72   9     73   8     74   11     75   14     76   2     77   4     78   7     79   13     81   15     82   4     83   14     84   12     85   10     86   8     87   13     88   7     89   4     91   12     92   6     93   6     94   10     95   11     96   10     97   3     98   2     99   8     100   12     102   11     103   11     104   9     105   9     106   1     107   13     108   4     109   10     110   12     111   9     112   8     113   9     114   2     115   8     116   5     117   1     118   10     119   13     120   13     122   4     123   10     124   5     125   1     128   15     129   12   
43   69  43   1     53   8     54   5     55   2     56   7     57   5     58   4     59   3     60   13     63   14     64   6     65   4     66   15     67   15     68   10     69   5     70   7     71   13     72   15     73   15     75   8     76   2     77   3     78   6     80   1     81   3     82   4     84   14     85   2     86   11     87   12     88   10     89   10     90   1     91   4     92   1     93   12     94   7     96   4     98   15     99   10     100   12     101   10     102   8     103   4     104   10     105   3     106   14     107   4     108   5     109   1     110   3     111   7     113   10     114   11     116   10     117   10     118   3     119   7     120   2     121   14     122   9     123   3     124   7     125   3     126   6     127   5     128   13     129   9   
44   68  44   1     52   15     53   4     55   13     56   10     57   4     58   13     59   6     60   11     61   3     62   9     63   15     64   10     66   10     67   15     68   9     69   12     70   3     71   1     72   7     73   1     74   9     75   5     77   11     78   12     79   2     80   1     81   5     83   6     84   6     86   9     87   11     88   5     89   6     90   5     92   12     93   3     94   12     95   13     96   7     97   13     98   15     99   3     100   14     101   14     102   14     103   1     105   9     106   15     108   8     109   9     110   7     112   6     113   9     114   8     115   1     116   3     117   8     118   4     119   12     121   15     123   15     124   4     125   10     126   3     127   3     128   14     129   4   
45   73  45   1     52   8     53   3     54   2     56   11     57   2     58   11     59   15     60   10     61   2     62   7     63   8     64   10     65   1     66   13     67   4     68   11     69   1     70   9     71   2     72   11     73   10     74   2     75   10     76   15     77   8     78   15     79   14     80   12     81   10     82   1     83   3     84   15     85   2     86   6     87   11     88   1     89   10     90   8     92   3     93   13     94   7     95   2     96   10     97   8     98   9     99   14     101   6     102   3     104   7     105   10     106   5     107   8     109   6     110   8     111   6     112   6     113   7     114   3     115   7     116   8     117   3     118   5     119   9     121   10     122   5     123   5     124   3     125   15     126   6     127   11     128   10     129   3   
46   77  46   1     52   15     53   1     54   11     55   7     56   7     57   4     58   11     59   6     60   15     61   3     62   2     63   7     64   14     65   15     67   3     68   1     69   12     70   3     71   12     72   13     73   4     74   14     75   4     76   8     77   9     78   8     79   9     80   6     81   2     82   10     83   13     84   9     85   4     86   1     87   14     88   5     89   11     90   9     91   8     92   9     93   4     94   11     95   13     96   7     97   2     98   5     99   14     100   14     101   5     102   8     103   8     104   12     105   4     106   3     107   2     108   6     109   12     110   9     111   3     113   9     114   15     115   6     116   1     117   5     118   15     119   8     120   12     121   3     122   8     123   8     124   10     125   4     126   5     127   5     128   2     129   3   
47   77  47   1     52   11     53   12     54   7     55   6     56   10     57   3     58   12     59   4     60   14     61   15     62   8     63   12     64   1     65   5     66   3     67   8     68   5     69   12     70   5     71   2     72   3     73   9     74   4     75   7     76   13     77   9     78   9     79   13     80   15     81   1     82   1     83   4     84   10     85   2     86   14     87   8     88   7     89   1     90   4     91   10     92   14     93   9     94   7     95   4     96   6     97   6     98   8     99   4     100   4     101   13     102   2     103   2     104   3     105   4     106   8     107   7     108   11     110   5     111   9     112   13     114   6     115   1     116   4     117   3     118   1     119   13     120   8     121   15     122   14     123   12     124   8     125   1     126   8     127   13     128   5     129   7   
48   73  48   1     52   8     53   4     54   2     55   11     56   14     57   6     58   13     59   3     60   10     61   13     62   2     63   3     64   15     65   5     66   7     67   12     68   5     69   5     70   2     71   12     72   9     73   8     74   11     76   4     77   7     78   12     79   2     80   6     81   1     82   9     84   9     85   10     86   8     87   13     88   12     89   4     90   12     91   2     92   10     93   11     95   15     96   8     97   11     98   9     99   14     100   8     101   4     102   1     104   10     106   8     108   14     109   5     110   15     111   13     112   10     113   8     114   6     115   10     116   3     117   7     118   8     119   13     120   5     121   6     122   6     123   12     124   7     125   13     126   12     127   11     128   11     129   13   
49   74  49   1     53   14     54   5     55   1     56   1     57   14     58   11     59   13     60   12     61   15     62   7     63   5     64   1     65   13     66   1     67   12     68   10     69   1     70   2     71   7     72   5     73   6     74   8     75   4     76   8     77   5     78   7     79   9     80   13     81   12     82   15     83   2     84   11     85   14     86   12     88   12     89   9     90   5     91   13     92   1     93   4     94   13     95   10     96   6     97   7     98   3     99   1     100   9     101   6     103   11     104   1     105   5     106   12     107   9     108   6     109   10     110   7     111   4     112   14     113   15     114   14     115   9     116   13     117   14     118   9     119   4     120   15     121   7     122   2     123   4     125   7     126   6     127   8     128   14   
50   73  50   1     52   8     53   15     54   2     55   14     56   1     57   15     58   11     59   9     60   10     61   15     62   4     63   4     64   10     65   14     66   1     67   8     68   15     69   13     70   14     72   9     73   14     74   5     75   2     76   1     77   12     78   9     79   4     80   4     81   9     82   12     84   7     85   5     86   2     87   9     88   9     89   13     90   10     91   11     92   3     93   7     94   12     95   9     96   13     97   14     98   11     100   1     101   12     104   5     106   6     107   1     108   2     109   14     110   12     111   2     112   12     113   5     114   1     115   15     116   15     117   15     118   5     119   12     120   5     121   11     122   3     123   9     124   7     125   5     126   5     127   11     128   12     129   9   
51   73  51   1     53   6     54   11     55   8     56   1     57   5     59   6     60   11     61   6     62   6     63   5     64   13     66   2     67   8     68   12     69   15     70   4     71   12     72   12     73   4     74   1     75   2     76   11     77   13     78   11     79   15     80   2     81   10     82   9     83   12     84   15     85   15     86   10     87   2     88   14     89   9     90   8     91   2     92   13     93   6     95   14     96   10     97   2     98   7     99   14     101   8     102   4     103   1     104   15     105   4     106   9     107   14     108   12     109   11     110   9     111   1     112   10     113   8     115   1     116   6     117   15     118   15     119   8     120   7     121   11     122   8     123   8     124   10     125   4     126   10     127   6     128   2     129   14   
