The following result corresponding the input file : input_file_q_ary_2013.txt
The following result corresponding the SNR point : 2.2 dB.
45  38     2 2   3 2   10 8   12 2   13 6   17 1   18 4   19 1   25 2   26 8   30 4   31 2   38 2   39 1   40 4   43 5   47 1   49 4   50 12   51 1   52 5   53 2   59 8   64 4   66 4   68 8   70 8   72 4   73 3   77 8   79 9   80 1   82 2   83 1   87 1   94 8   95 4   98 8   100 4   101 2   105 5   107 1   114 2   116 1   118 8   
39  33     5 9   8 6   10 12   13 8   14 2   18 2   19 1   20 5   21 8   23 6   25 1   26 4   28 5   30 10   34 4   40 6   41 10   42 9   43 1   45 1   48 1   52 1   53 2   62 1   66 13   69 2   70 8   71 1   83 2   88 1   90 1   92 4   93 2   94 9   98 8   102 2   104 5   111 8   117 4   
43  39     0 2   3 1   5 5   7 2   9 4   12 13   14 6   16 6   17 4   20 4   23 9   26 1   27 4   31 8   34 1   36 5   38 1   39 4   40 1   44 4   46 8   51 1   55 4   63 4   66 1   69 4   72 2   76 8   77 8   80 8   81 2   83 1   88 4   89 8   90 8   96 2   99 1   103 8   106 4   110 2   113 1   115 4   119 2   
39  44     1 8   2 8   6 8   8 4   9 2   11 2   12 1   13 4   16 3   20 1   23 3   24 10   26 8   27 1   28 1   30 2   32 1   35 1   36 3   43 14   49 5   53 1   56 2   57 4   67 4   68 10   75 8   76 2   79 9   86 2   90 8   95 4   96 1   102 10   107 6   108 1   109 8   110 4   111 6   
38  31     2 4   7 5   8 15   15 8   18 8   22 8   24 4   25 1   28 3   37 12   41 4   43 8   44 1   46 4   57 6   58 12   59 2   62 1   66 8   69 1   70 3   74 2   78 4   82 2   86 10   87 4   88 1   90 2   93 1   95 5   96 10   99 8   101 4   108 3   109 4   110 1   115 4   118 4   
44  40     1 4   2 2   3 6   4 8   6 2   9 1   12 8   13 2   14 8   17 8   18 8   21 2   24 2   26 8   32 1   36 1   39 8   40 4   45 10   50 1   55 3   58 2   59 5   65 10   67 2   70 9   72 8   74 12   76 5   80 8   83 2   84 1   86 1   88 8   89 9   91 2   93 2   100 8   104 2   105 2   108 1   113 12   115 5   118 12   
40  49     1 8   4 8   5 8   6 2   9 12   11 2   15 9   16 3   21 2   24 8   26 8   30 4   32 4   33 1   36 5   42 12   46 2   47 6   48 2   49 4   50 8   55 3   57 8   60 2   61 2   68 1   72 8   74 9   80 3   82 8   89 2   92 2   93 4   94 1   98 6   99 2   100 6   105 1   110 4   114 8   
45  49     0 1   4 4   5 2   9 1   11 1   16 1   17 4   19 9   20 1   21 4   25 4   26 4   30 4   31 4   33 4   34 1   42 8   44 2   46 2   47 2   48 8   49 2   62 12   63 8   65 1   66 2   67 2   69 1   73 4   74 6   80 1   81 2   82 4   83 1   84 7   92 3   99 8   102 1   106 12   108 2   112 4   113 1   114 4   116 8   118 1   
30  36     5 10   8 8   10 1   14 8   16 4   23 2   24 4   28 8   32 2   33 8   34 4   38 4   40 8   45 1   53 1   58 8   66 8   67 1   69 1   75 4   79 2   88 1   91 8   95 2   100 2   101 1   104 8   106 4   110 9   114 1   
43  40     1 1   3 6   6 3   8 1   9 1   10 1   11 2   18 8   20 1   21 8   23 8   26 5   27 1   28 12   29 8   30 10   33 9   35 2   36 8   45 2   46 9   47 1   51 4   52 4   55 4   56 4   61 4   62 1   63 1   65 2   66 4   67 9   74 8   75 2   80 8   83 4   86 4   98 1   99 1   107 10   110 8   113 1   115 12   
39  40     0 8   1 2   2 1   7 8   9 4   10 8   12 4   18 8   20 3   24 3   25 9   27 5   28 1   29 4   30 4   36 12   43 1   46 2   47 8   49 8   50 2   51 4   53 1   63 10   66 9   69 2   77 4   84 2   86 1   91 9   97 12   98 1   102 1   103 8   108 2   111 8   112 8   115 2   118 12   
45  40     0 8   1 9   10 1   13 2   16 12   18 1   20 8   22 8   23 2   26 4   29 13   33 8   35 3   37 8   38 8   39 6   40 1   43 8   44 1   45 1   49 1   50 1   53 1   56 2   57 2   58 9   61 4   64 2   65 8   69 1   73 1   74 6   75 4   95 2   98 1   101 8   104 4   109 4   111 4   112 1   113 8   115 4   117 8   118 8   119 8   
26  45     3 4   8 4   20 9   23 4   27 8   30 8   32 1   41 8   42 4   45 12   49 8   50 2   51 8   58 8   60 12   64 4   71 2   80 2   82 10   88 8   92 2   97 8   105 8   106 2   109 8   118 8   
28  38     14 2   15 4   16 2   24 4   34 2   36 9   39 1   41 2   46 1   51 1   55 1   58 1   60 8   62 8   67 1   78 1   81 2   89 5   94 9   95 4   108 1   109 4   110 4   111 8   116 4   117 2   118 4   119 3   
29  44     9 8   10 4   14 8   21 1   26 8   33 2   38 1   40 8   41 4   42 2   46 6   48 12   54 4   57 2   61 8   68 9   70 8   72 3   74 2   75 1   76 4   80 4   83 1   89 4   90 10   92 2   93 1   103 1   117 4   
44  42     1 4   2 6   3 1   4 9   8 4   11 2   14 1   17 2   22 4   23 2   25 4   26 4   28 4   29 2   31 2   33 6   36 1   41 4   42 2   43 4   47 2   49 4   56 8   57 1   60 8   61 2   62 8   64 4   66 1   69 8   72 8   74 6   77 4   79 1   85 8   90 1   92 2   93 4   99 1   104 8   106 8   114 12   116 2   119 1   
42  31     2 1   7 4   9 2   11 7   12 8   13 8   15 1   17 4   21 2   23 4   27 1   30 10   33 1   35 1   41 9   43 1   47 8   50 2   53 8   55 2   57 1   59 2   66 10   71 2   72 8   77 8   83 4   90 8   91 2   93 5   94 1   96 4   101 8   102 1   104 8   105 8   109 4   110 2   111 2   113 4   116 8   117 1   
30  41     0 8   3 4   5 2   8 2   9 2   21 2   26 1   28 4   29 3   30 4   32 1   34 10   38 4   44 4   54 8   56 8   59 4   62 1   64 8   66 4   68 6   78 3   86 4   88 1   89 4   97 8   98 8   102 1   110 1   117 6   
33  45     2 2   8 1   10 4   12 4   14 12   22 12   23 4   29 8   32 2   33 1   38 2   41 4   44 8   47 8   48 1   51 8   52 4   53 11   55 1   56 8   61 2   63 8   67 4   70 1   72 4   74 4   81 8   89 2   96 1   97 8   103 4   109 1   119 4   
27  39     0 1   4 4   5 4   6 1   17 4   18 4   22 8   25 1   26 9   27 4   37 6   55 8   56 4   63 8   65 6   73 6   88 7   91 4   92 5   95 4   98 1   99 13   101 12   105 2   108 1   117 4   118 1   
31  31     0 8   2 1   6 1   9 2   10 2   14 9   18 1   19 3   28 13   30 4   31 6   32 1   45 4   46 1   47 1   48 1   49 4   54 2   58 8   60 8   63 2   67 1   69 1   82 4   83 8   86 8   89 1   96 8   98 8   109 1   110 8   
The following result corresponding the input file : input_file_q_ary_2013.txt
The following result corresponding the SNR point : 2.2 dB.
45  38     2 2   3 2   10 8   12 2   13 6   17 1   18 4   19 1   25 2   26 8   30 4   31 2   38 2   39 1   40 4   43 5   47 1   49 4   50 12   51 1   52 5   53 2   59 8   64 4   66 4   68 8   70 8   72 4   73 3   77 8   79 9   80 1   82 2   83 1   87 1   94 8   95 4   98 8   100 4   101 2   105 5   107 1   114 2   116 1   118 8   
39  33     5 9   8 6   10 12   13 8   14 2   18 2   19 1   20 5   21 8   23 6   25 1   26 4   28 5   30 10   34 4   40 6   41 10   42 9   43 1   45 1   48 1   52 1   53 2   62 1   66 13   69 2   70 8   71 1   83 2   88 1   90 1   92 4   93 2   94 9   98 8   102 2   104 5   111 8   117 4   
43  39     0 2   3 1   5 5   7 2   9 4   12 13   14 6   16 6   17 4   20 4   23 9   26 1   27 4   31 8   34 1   36 5   38 1   39 4   40 1   44 4   46 8   51 1   55 4   63 4   66 1   69 4   72 2   76 8   77 8   80 8   81 2   83 1   88 4   89 8   90 8   96 2   99 1   103 8   106 4   110 2   113 1   115 4   119 2   
39  44     1 8   2 8   6 8   8 4   9 2   11 2   12 1   13 4   16 3   20 1   23 3   24 10   26 8   27 1   28 1   30 2   32 1   35 1   36 3   43 14   49 5   53 1   56 2   57 4   67 4   68 10   75 8   76 2   79 9   86 2   90 8   95 4   96 1   102 10   107 6   108 1   109 8   110 4   111 6   
38  31     2 4   7 5   8 15   15 8   18 8   22 8   24 4   25 1   28 3   37 12   41 4   43 8   44 1   46 4   57 6   58 12   59 2   62 1   66 8   69 1   70 3   74 2   78 4   82 2   86 10   87 4   88 1   90 2   93 1   95 5   96 10   99 8   101 4   108 3   109 4   110 1   115 4   118 4   
44  40     1 4   2 2   3 6   4 8   6 2   9 1   12 8   13 2   14 8   17 8   18 8   21 2   24 2   26 8   32 1   36 1   39 8   40 4   45 10   50 1   55 3   58 2   59 5   65 10   67 2   70 9   72 8   74 12   76 5   80 8   83 2   84 1   86 1   88 8   89 9   91 2   93 2   100 8   104 2   105 2   108 1   113 12   115 5   118 12   
40  49     1 8   4 8   5 8   6 2   9 12   11 2   15 9   16 3   21 2   24 8   26 8   30 4   32 4   33 1   36 5   42 12   46 2   47 6   48 2   49 4   50 8   55 3   57 8   60 2   61 2   68 1   72 8   74 9   80 3   82 8   89 2   92 2   93 4   94 1   98 6   99 2   100 6   105 1   110 4   114 8   
45  49     0 1   4 4   5 2   9 1   11 1   16 1   17 4   19 9   20 1   21 4   25 4   26 4   30 4   31 4   33 4   34 1   42 8   44 2   46 2   47 2   48 8   49 2   62 12   63 8   65 1   66 2   67 2   69 1   73 4   74 6   80 1   81 2   82 4   83 1   84 7   92 3   99 8   102 1   106 12   108 2   112 4   113 1   114 4   116 8   118 1   
30  36     5 10   8 8   10 1   14 8   16 4   23 2   24 4   28 8   32 2   33 8   34 4   38 4   40 8   45 1   53 1   58 8   66 8   67 1   69 1   75 4   79 2   88 1   91 8   95 2   100 2   101 1   104 8   106 4   110 9   114 1   
43  40     1 1   3 6   6 3   8 1   9 1   10 1   11 2   18 8   20 1   21 8   23 8   26 5   27 1   28 12   29 8   30 10   33 9   35 2   36 8   45 2   46 9   47 1   51 4   52 4   55 4   56 4   61 4   62 1   63 1   65 2   66 4   67 9   74 8   75 2   80 8   83 4   86 4   98 1   99 1   107 10   110 8   113 1   115 12   
39  40     0 8   1 2   2 1   7 8   9 4   10 8   12 4   18 8   20 3   24 3   25 9   27 5   28 1   29 4   30 4   36 12   43 1   46 2   47 8   49 8   50 2   51 4   53 1   63 10   66 9   69 2   77 4   84 2   86 1   91 9   97 12   98 1   102 1   103 8   108 2   111 8   112 8   115 2   118 12   
45  40     0 8   1 9   10 1   13 2   16 12   18 1   20 8   22 8   23 2   26 4   29 13   33 8   35 3   37 8   38 8   39 6   40 1   43 8   44 1   45 1   49 1   50 1   53 1   56 2   57 2   58 9   61 4   64 2   65 8   69 1   73 1   74 6   75 4   95 2   98 1   101 8   104 4   109 4   111 4   112 1   113 8   115 4   117 8   118 8   119 8   
26  45     3 4   8 4   20 9   23 4   27 8   30 8   32 1   41 8   42 4   45 12   49 8   50 2   51 8   58 8   60 12   64 4   71 2   80 2   82 10   88 8   92 2   97 8   105 8   106 2   109 8   118 8   
28  38     14 2   15 4   16 2   24 4   34 2   36 9   39 1   41 2   46 1   51 1   55 1   58 1   60 8   62 8   67 1   78 1   81 2   89 5   94 9   95 4   108 1   109 4   110 4   111 8   116 4   117 2   118 4   119 3   
29  44     9 8   10 4   14 8   21 1   26 8   33 2   38 1   40 8   41 4   42 2   46 6   48 12   54 4   57 2   61 8   68 9   70 8   72 3   74 2   75 1   76 4   80 4   83 1   89 4   90 10   92 2   93 1   103 1   117 4   
44  42     1 4   2 6   3 1   4 9   8 4   11 2   14 1   17 2   22 4   23 2   25 4   26 4   28 4   29 2   31 2   33 6   36 1   41 4   42 2   43 4   47 2   49 4   56 8   57 1   60 8   61 2   62 8   64 4   66 1   69 8   72 8   74 6   77 4   79 1   85 8   90 1   92 2   93 4   99 1   104 8   106 8   114 12   116 2   119 1   
42  31     2 1   7 4   9 2   11 7   12 8   13 8   15 1   17 4   21 2   23 4   27 1   30 10   33 1   35 1   41 9   43 1   47 8   50 2   53 8   55 2   57 1   59 2   66 10   71 2   72 8   77 8   83 4   90 8   91 2   93 5   94 1   96 4   101 8   102 1   104 8   105 8   109 4   110 2   111 2   113 4   116 8   117 1   
30  41     0 8   3 4   5 2   8 2   9 2   21 2   26 1   28 4   29 3   30 4   32 1   34 10   38 4   44 4   54 8   56 8   59 4   62 1   64 8   66 4   68 6   78 3   86 4   88 1   89 4   97 8   98 8   102 1   110 1   117 6   
33  45     2 2   8 1   10 4   12 4   14 12   22 12   23 4   29 8   32 2   33 1   38 2   41 4   44 8   47 8   48 1   51 8   52 4   53 11   55 1   56 8   61 2   63 8   67 4   70 1   72 4   74 4   81 8   89 2   96 1   97 8   103 4   109 1   119 4   
27  39     0 1   4 4   5 4   6 1   17 4   18 4   22 8   25 1   26 9   27 4   37 6   55 8   56 4   63 8   65 6   73 6   88 7   91 4   92 5   95 4   98 1   99 13   101 12   105 2   108 1   117 4   118 1   
31  31     0 8   2 1   6 1   9 2   10 2   14 9   18 1   19 3   28 13   30 4   31 6   32 1   45 4   46 1   47 1   48 1   49 4   54 2   58 8   60 8   63 2   67 1   69 1   82 4   83 8   86 8   89 1   96 8   98 8   109 1   110 8   
24  32     7 1   11 1   22 12   27 4   28 4   30 2   33 11   34 1   38 1   39 2   40 4   51 1   52 1   56 2   57 9   59 8   69 2   74 8   78 1   79 4   89 1   90 8   114 8   119 1   
38  39     0 2   2 9   3 2   4 8   16 12   28 8   33 1   37 2   41 2   43 8   48 1   49 8   50 2   54 8   60 10   61 12   65 13   67 4   73 2   75 8   76 1   83 2   86 8   88 2   89 2   92 9   94 1   97 4   98 5   100 3   101 8   104 1   106 8   108 1   111 2   112 5   113 2   118 8   
44  41     4 4   9 8   11 10   13 8   20 8   22 1   26 8   27 9   28 12   30 8   32 8   35 2   37 1   39 10   40 5   41 4   42 2   45 1   47 10   49 8   53 2   55 4   60 1   61 1   65 4   67 12   69 4   72 2   79 1   81 4   85 8   87 4   89 1   91 2   93 5   94 6   95 1   98 9   102 2   105 2   112 1   113 6   114 8   117 4   
42  50     0 4   3 1   4 8   6 12   14 8   15 4   21 2   23 1   24 8   27 2   31 2   34 1   35 2   38 2   41 2   45 2   47 8   48 8   49 8   50 8   53 2   55 9   57 5   60 4   64 2   68 1   69 8   71 2   73 8   77 4   81 1   82 2   83 1   85 8   93 12   98 12   101 4   105 8   106 4   107 4   111 12   116 8   
25  39     2 2   14 8   20 6   23 9   30 4   37 13   40 8   48 4   49 2   50 3   53 6   54 2   57 8   64 4   73 2   74 1   77 4   84 2   90 8   95 4   97 4   101 2   102 4   105 9   113 4   
40  46     2 10   3 4   6 4   7 4   14 1   15 12   21 11   23 8   29 8   30 1   32 4   34 8   37 2   39 4   47 3   49 7   50 2   55 5   56 10   57 9   63 10   65 2   66 3   69 9   73 1   76 2   77 1   78 8   87 1   88 4   92 8   94 4   95 12   98 1   99 1   108 2   109 10   114 2   115 1   116 12   
42  36     0 2   3 2   4 8   14 1   15 10   19 2   21 4   22 1   23 3   26 4   29 8   30 2   31 12   34 8   37 8   38 6   39 12   43 8   44 2   45 2   46 13   47 1   55 8   56 4   57 1   59 2   60 2   67 10   71 2   78 1   80 4   84 4   85 1   87 8   88 2   89 9   97 8   99 1   101 1   106 2   109 2   112 2   
36  45     2 4   10 10   12 4   15 2   16 2   20 2   35 3   36 5   38 5   39 8   42 2   44 8   47 1   48 9   49 4   52 10   56 2   59 5   61 6   63 8   67 3   69 1   71 4   72 3   74 2   82 4   89 1   90 1   105 1   107 4   108 8   109 1   110 2   112 2   113 1   118 4   
37  38     3 1   4 4   5 2   13 8   16 1   17 2   21 12   24 4   28 1   30 2   34 1   35 4   36 1   37 9   39 8   40 12   41 2   42 1   48 2   49 1   56 2   57 4   58 2   61 4   64 12   65 2   69 2   73 4   75 5   77 3   81 1   82 4   86 9   95 6   102 3   104 10   110 4   
8  23     2 4   25 10   33 8   39 8   82 1   91 4   97 1   99 13   
30  39     5 4   6 8   8 3   13 2   14 1   15 1   20 12   24 4   34 2   35 9   38 4   41 5   46 10   56 10   59 10   62 1   65 2   69 1   74 4   75 1   76 2   82 4   92 2   97 6   102 4   105 8   106 1   111 8   114 12   119 1   
37  41     2 10   3 12   5 8   6 12   7 10   10 2   11 6   14 9   15 1   16 2   24 2   25 2   26 1   40 1   41 9   43 8   51 2   52 8   59 2   60 2   62 4   66 1   68 1   69 1   71 1   73 8   74 4   77 4   81 2   99 4   101 2   102 4   103 2   114 4   115 4   117 1   119 8   
38  42     1 4   3 4   4 4   9 6   11 4   14 12   20 1   30 3   31 8   33 8   34 2   35 2   38 4   40 8   42 8   46 5   50 8   51 12   53 8   58 9   64 2   69 3   71 1   76 2   77 4   79 1   85 12   91 8   92 4   93 1   95 1   98 1   99 3   101 8   103 2   104 8   113 4   116 1   
40  49     1 8   3 10   4 3   7 4   17 4   24 8   27 8   34 2   37 2   40 8   41 2   42 8   47 9   48 5   49 4   50 2   52 5   54 12   55 2   57 2   61 1   66 8   67 6   71 2   79 2   81 1   83 3   84 5   85 4   86 8   87 2   90 3   95 1   98 5   100 2   101 1   110 6   112 4   113 4   119 4   
49  45     0 8   1 1   5 4   9 4   11 4   13 4   14 1   15 9   17 1   19 1   20 2   21 8   22 3   23 2   25 3   27 8   28 2   32 4   37 8   38 4   39 1   41 8   45 1   47 1   49 4   54 5   59 1   62 2   64 1   73 4   75 2   76 1   83 2   89 8   90 1   92 4   93 8   95 9   99 10   100 8   102 2   106 8   107 4   108 8   109 8   111 10   112 8   115 4   119 1   
34  43     7 1   11 1   14 5   16 7   17 2   20 4   24 1   28 1   30 4   32 6   36 7   37 2   38 14   47 8   52 10   58 2   64 8   65 12   66 3   69 1   71 9   76 8   80 4   83 2   85 4   86 4   89 4   90 4   92 5   95 8   96 8   97 4   108 1   113 4   
45  41     2 8   3 2   5 4   7 1   13 3   14 8   17 9   18 1   25 1   26 8   29 1   31 2   35 4   38 10   40 1   43 3   45 1   50 4   52 8   54 1   55 10   56 4   57 8   62 2   64 8   68 6   69 5   73 1   75 4   77 2   78 8   79 8   83 1   86 1   87 4   88 2   89 9   90 8   91 4   99 1   105 1   106 8   108 10   114 1   119 8   
53  46     1 4   3 4   5 2   6 4   7 2   9 8   12 8   13 4   18 4   23 1   24 4   25 2   26 1   27 8   29 1   30 4   31 8   35 1   36 2   38 8   41 1   42 6   45 8   48 9   49 12   54 2   56 1   57 1   61 1   63 5   67 2   71 8   73 1   74 4   75 14   76 1   77 5   79 1   80 7   86 8   87 1   88 1   91 2   92 8   96 1   97 1   100 1   105 1   107 2   109 7   111 4   114 1   119 1   
43  41     0 1   1 2   5 9   6 2   8 4   12 1   16 4   23 1   27 8   28 12   30 4   33 8   35 9   37 3   41 8   42 1   43 8   46 6   48 13   52 2   56 5   57 1   64 2   68 4   70 8   75 1   76 4   80 8   84 12   86 8   87 1   90 2   91 1   93 1   98 10   101 8   106 6   107 1   110 2   114 2   115 2   117 1   119 2   
43  32     2 9   5 8   11 8   13 2   15 2   20 2   22 9   28 1   29 2   34 2   37 9   40 4   42 4   43 4   45 10   46 1   51 4   54 8   57 12   60 2   62 1   68 6   71 8   74 4   75 5   79 2   86 5   87 3   88 5   90 8   93 2   95 8   97 4   101 8   104 1   105 8   106 2   108 1   109 8   110 2   112 9   115 1   116 4   
33  37     1 4   2 2   3 1   6 8   10 8   14 8   15 1   17 8   20 12   24 5   31 1   36 8   42 1   43 5   49 1   50 8   51 4   57 2   58 4   59 4   72 6   76 2   81 1   84 8   90 2   93 1   96 4   97 2   99 4   102 2   107 2   109 8   118 2   
53  55     0 5   1 9   2 8   4 4   6 1   7 8   10 5   11 8   12 2   14 4   15 4   17 6   18 2   19 1   20 2   21 8   23 4   27 8   28 2   29 8   30 2   33 4   37 1   38 1   39 1   43 2   47 4   49 8   52 1   53 8   55 4   58 1   62 4   63 1   65 1   69 8   71 2   72 1   73 1   79 4   83 4   84 2   87 4   88 8   93 5   98 4   99 10   104 13   106 2   110 6   114 4   117 8   118 1   
40  41     0 1   2 2   5 6   10 14   12 6   15 1   19 2   20 2   23 1   28 8   30 1   31 1   36 6   38 13   39 2   41 2   46 4   50 4   55 1   57 1   58 4   59 4   64 2   68 8   69 4   70 4   71 4   76 2   77 1   81 4   83 3   87 4   93 8   94 8   103 4   104 1   105 5   108 8   111 4   119 1   
36  38     5 1   7 2   8 2   9 2   16 2   18 2   21 1   22 2   24 5   26 2   34 8   35 2   37 1   44 2   46 1   48 2   60 1   61 2   66 1   76 2   79 1   81 4   88 5   89 4   90 8   95 8   96 2   100 2   101 4   103 3   107 4   109 2   110 4   111 9   117 1   118 4   
38  43     1 1   7 1   9 1   11 4   12 8   13 2   14 1   15 2   21 4   23 1   24 8   29 4   32 8   34 1   36 1   37 4   41 10   48 6   49 4   55 4   59 2   60 1   62 10   70 4   74 6   78 8   85 4   87 1   88 8   96 8   97 1   101 4   103 1   104 8   105 8   108 10   109 2   112 2   
36  44     1 2   5 1   7 10   9 2   14 4   16 4   17 11   18 8   22 2   24 4   25 3   28 3   29 4   31 4   34 4   35 2   38 9   39 8   50 6   55 1   57 1   62 9   64 1   67 1   84 9   85 8   88 7   91 8   95 1   96 6   97 8   98 1   108 2   109 8   116 4   118 4   
43  43     6 2   9 8   13 4   15 2   16 8   18 2   23 8   24 2   31 1   34 4   36 8   41 13   50 2   51 4   53 4   54 4   57 2   59 1   63 10   64 2   65 5   67 1   70 4   71 5   73 8   76 6   77 7   78 1   80 10   84 4   88 2   92 5   93 1   100 8   101 2   103 8   106 4   107 2   109 8   113 2   116 4   118 1   119 1   
36  40     1 3   2 12   5 9   10 1   13 2   15 2   16 1   24 2   27 1   31 8   33 8   35 1   45 5   47 1   53 5   58 4   59 8   67 4   72 4   73 1   77 4   79 1   80 2   84 4   86 4   87 2   90 8   91 8   95 1   96 4   104 1   108 8   110 4   111 4   115 6   119 2   
31  45     2 6   5 1   8 5   9 8   12 8   14 2   18 4   23 2   24 2   30 9   32 12   35 4   36 2   45 2   50 2   52 4   56 1   62 8   66 3   67 4   77 12   79 8   81 8   84 2   89 8   94 2   95 3   103 4   106 8   109 4   117 4   
32  44     0 2   1 4   7 4   8 2   18 10   23 5   25 9   26 8   33 1   34 13   36 4   51 7   53 6   54 1   55 3   58 8   67 1   69 8   75 6   76 1   80 4   82 1   86 4   93 2   95 10   99 8   100 2   102 2   103 8   104 4   113 8   114 4   
45  36     2 4   3 2   6 4   7 2   11 8   13 8   17 8   18 2   19 4   21 1   22 1   23 5   25 2   30 2   38 8   40 1   41 8   43 8   44 8   48 12   49 8   50 4   51 8   54 9   55 4   58 9   62 8   66 2   70 2   73 4   76 8   78 10   82 1   83 8   93 4   97 4   100 4   101 8   105 4   107 4   108 2   109 1   110 4   116 8   119 1   
45  40     0 2   4 2   6 8   10 8   12 2   20 8   21 4   23 8   28 6   30 8   31 8   32 10   37 9   38 2   42 4   46 4   47 1   50 3   51 4   55 1   59 1   63 1   65 4   67 10   68 8   70 8   73 1   75 4   76 12   77 1   79 8   82 4   85 12   87 7   88 1   90 10   91 1   93 1   94 10   95 8   99 1   100 9   112 1   117 2   118 1   
40  44     1 9   2 10   3 2   7 2   10 8   11 4   20 8   21 2   24 1   29 2   30 8   31 4   34 1   35 9   41 4   42 2   48 1   51 4   52 4   54 1   57 1   58 4   59 4   64 1   65 4   67 8   78 4   81 12   83 1   85 4   87 2   90 8   96 1   98 6   105 4   110 10   111 14   116 12   117 8   119 4   
29  40     12 7   15 2   18 4   21 2   23 4   31 10   32 2   35 4   38 1   40 4   43 8   45 3   51 3   54 1   59 4   66 1   67 5   69 4   71 1   73 1   74 2   81 12   86 4   88 4   89 8   90 1   92 4   111 6   117 1   
39  45     2 2   4 2   5 2   6 2   9 2   11 4   12 2   15 1   18 1   22 4   23 9   25 1   28 1   31 4   32 8   33 4   38 1   39 2   44 6   48 2   50 8   52 4   54 2   55 2   57 8   60 2   61 2   67 1   68 8   69 5   79 1   83 10   87 8   89 8   92 12   94 2   105 1   106 4   115 11   
42  38     0 11   5 4   10 1   11 1   14 1   19 4   21 1   25 8   27 4   29 4   30 8   38 2   44 8   47 4   54 2   56 4   57 4   58 1   63 4   64 4   65 1   66 2   68 4   72 1   75 12   79 8   82 4   85 9   86 2   89 4   90 1   96 5   98 8   99 8   104 4   108 8   109 4   111 8   113 8   115 8   117 4   118 2   
32  37     1 4   6 2   9 1   12 4   16 2   22 4   24 1   25 2   26 1   27 1   29 1   35 1   39 1   46 2   52 2   54 5   58 2   66 1   68 4   78 8   79 2   81 2   82 10   86 2   88 8   89 5   95 1   110 2   113 1   115 2   117 3   118 1   
37  48     3 8   8 2   10 1   14 1   15 8   18 4   19 1   25 8   27 9   30 2   34 8   35 8   37 6   41 8   52 2   54 2   58 4   65 2   70 2   71 8   74 8   76 8   77 8   81 6   87 2   89 1   90 5   94 4   95 9   96 4   101 4   102 10   111 6   114 1   117 4   118 8   119 4   
28  43     3 4   8 8   14 12   15 1   18 1   20 10   28 3   30 4   34 12   35 2   37 3   50 8   51 1   55 4   57 5   64 8   70 2   75 12   79 2   83 4   95 4   97 4   100 2   105 8   106 2   112 1   114 8   115 4   
41  43     0 4   2 1   5 1   6 6   7 4   11 4   12 9   13 1   14 4   15 1   20 4   25 1   30 10   31 4   38 1   41 4   47 9   50 4   52 8   53 8   54 1   57 1   58 13   60 3   61 4   62 4   63 2   64 1   70 8   77 1   80 5   82 1   86 2   91 2   92 8   94 4   98 1   101 1   108 9   110 8   112 1   
40  41     4 5   5 12   8 3   9 2   15 4   19 4   22 8   24 10   25 4   28 12   32 4   34 8   36 9   38 4   45 4   48 2   49 4   51 1   56 8   59 4   62 1   64 1   69 10   71 4   73 1   74 6   76 8   81 2   84 1   87 12   91 2   93 4   94 4   98 8   102 2   104 2   113 4   114 9   116 4   117 3   
40  39     0 4   4 2   5 8   8 1   13 4   16 4   21 14   23 1   26 4   31 4   32 8   33 8   36 4   37 1   38 4   39 2   42 8   50 2   51 12   52 8   54 2   55 4   63 12   67 1   68 8   71 4   78 5   84 9   87 4   91 4   92 2   94 7   96 1   97 9   103 10   110 12   111 2   114 4   117 2   119 12   
49  34     6 4   8 1   10 4   13 11   14 1   19 4   20 7   21 2   22 1   24 4   26 2   27 4   30 2   33 4   34 2   48 2   51 8   52 1   54 1   55 1   56 1   60 2   61 1   62 1   66 8   67 8   71 8   73 8   75 8   76 1   77 1   78 2   80 1   81 1   83 1   88 8   89 1   94 2   95 2   98 1   99 4   100 8   101 1   111 9   113 2   114 1   115 8   117 1   119 1   
47  42     0 4   4 10   5 2   8 12   9 1   14 4   15 4   16 1   23 1   25 2   29 5   31 9   34 4   36 2   39 4   47 2   56 8   57 2   60 1   62 12   63 2   64 3   70 2   72 10   73 4   75 2   76 4   77 1   78 1   84 8   86 2   87 2   89 1   90 1   91 1   93 4   94 2   101 2   104 4   106 4   107 5   108 14   109 1   113 1   116 8   118 1   119 4   
30  43     1 3   10 4   13 8   14 1   17 10   18 4   21 8   25 8   27 10   30 4   31 1   41 8   48 3   51 1   55 2   64 2   65 8   71 1   73 2   74 1   80 1   82 1   84 1   85 8   86 1   87 8   93 1   104 8   109 2   113 2   
40  38     0 8   6 2   9 1   11 4   19 2   20 4   22 3   27 1   32 6   38 8   42 1   44 8   53 1   54 2   56 4   61 8   63 6   67 4   71 1   74 8   75 8   78 1   80 8   81 8   82 4   86 2   89 3   90 8   92 1   94 4   96 4   97 6   101 8   103 8   106 2   107 4   111 3   112 2   115 9   117 2   
31  37     5 8   6 4   9 1   10 1   17 4   21 4   28 9   35 8   36 4   41 2   45 1   46 13   51 9   52 3   59 2   60 8   64 8   65 4   70 1   72 8   73 1   79 12   86 4   87 1   90 1   98 1   100 8   104 4   107 8   115 2   118 8   
39  41     2 2   7 1   9 2   10 8   19 3   21 2   27 2   31 4   33 6   37 7   42 2   43 12   47 5   50 4   51 4   53 1   55 8   57 1   59 1   60 1   67 4   69 1   70 2   71 1   73 1   76 1   81 4   83 4   85 4   90 4   94 1   97 2   99 8   101 5   103 1   106 2   112 2   113 6   118 4   
43  39     0 8   8 4   12 4   13 4   14 4   15 1   18 12   20 2   24 2   35 4   37 8   38 2   41 1   42 6   43 8   47 2   48 2   49 1   60 2   67 4   71 2   72 2   73 2   74 2   80 1   81 1   83 4   87 4   89 5   93 2   94 2   95 3   96 2   99 1   101 4   102 1   106 1   108 4   110 1   111 8   112 8   113 8   115 1   
41  48     4 4   7 4   9 1   10 1   11 1   19 1   22 2   23 9   24 8   28 4   31 10   34 2   35 9   40 2   45 8   51 8   53 1   55 8   60 4   63 9   64 6   67 1   72 4   75 8   77 4   78 1   79 1   88 4   89 1   92 1   93 2   98 2   102 4   103 8   106 2   109 2   111 5   112 2   114 5   115 1   116 1   
45  39     4 4   6 4   14 1   23 2   26 2   28 1   30 1   34 4   36 4   38 12   39 3   42 1   45 2   48 8   49 2   54 4   55 2   56 4   57 4   64 1   65 3   67 2   69 8   74 1   75 2   76 2   78 4   80 6   81 5   82 8   83 2   88 6   89 8   90 6   91 1   94 1   96 8   102 1   104 1   109 8   111 2   113 1   114 8   118 4   119 4   
41  45     3 4   4 8   7 1   8 6   11 4   12 4   14 4   15 2   19 1   21 2   26 8   30 4   33 4   46 9   51 2   55 2   58 2   59 4   61 10   64 2   65 4   68 8   69 1   70 1   72 1   77 8   81 2   83 4   86 4   88 5   89 8   96 1   98 1   99 3   102 4   103 2   104 6   111 8   112 13   115 2   118 1   
28  41     10 8   11 1   14 4   18 4   24 12   26 8   32 1   42 1   44 1   46 2   63 1   66 9   71 6   76 5   79 8   85 2   90 6   92 1   95 6   98 8   99 4   101 8   103 2   106 4   107 2   112 8   114 4   117 8   
46  41     6 14   12 2   13 1   14 4   15 9   16 1   18 10   21 8   25 1   27 2   30 8   32 9   34 4   35 1   40 8   43 4   44 5   48 8   49 2   53 4   55 1   56 10   62 2   63 8   64 5   69 2   70 1   72 8   75 3   76 8   77 8   84 1   85 2   86 3   89 2   90 3   91 9   93 2   96 2   97 2   101 1   102 10   106 9   108 8   111 1   119 8   
37  47     1 4   4 6   5 2   6 1   8 1   9 5   17 3   20 8   23 2   24 2   25 8   28 4   30 4   31 8   33 2   36 2   37 4   40 4   42 5   51 1   53 5   58 1   61 8   62 8   64 6   66 4   80 10   93 1   94 3   95 1   97 4   99 4   102 2   107 2   108 4   109 10   112 4   
34  41     2 1   10 1   14 8   17 2   18 10   21 8   23 10   30 4   33 2   38 8   42 4   45 1   55 1   58 1   62 4   63 9   66 8   68 4   72 6   75 4   79 8   83 8   86 3   90 4   95 9   97 4   98 8   100 2   102 1   107 13   108 2   109 2   117 8   119 4   
32  36     6 4   7 4   9 8   10 4   13 1   16 8   20 1   24 1   28 7   35 5   36 4   37 9   41 4   43 1   47 1   50 1   61 4   72 1   74 12   76 8   77 4   80 2   83 2   89 1   90 1   92 2   93 8   96 8   98 1   101 8   112 2   119 9   
38  44     1 8   3 2   9 2   10 1   14 12   26 8   27 1   28 6   30 2   31 1   32 2   35 1   41 6   47 1   49 4   51 4   52 6   53 8   55 1   61 1   62 1   64 12   76 4   77 4   80 6   82 1   84 2   90 4   94 4   95 10   98 2   100 4   101 4   104 2   107 8   111 14   115 4   116 1   
41  46     2 4   7 8   9 1   12 4   14 4   19 8   25 2   26 5   29 8   30 9   33 1   36 8   39 6   40 8   41 2   42 8   44 8   45 8   47 4   52 12   53 8   57 8   60 12   66 1   72 8   73 1   74 4   75 2   79 2   86 8   88 2   90 4   91 8   93 2   95 2   99 9   103 8   104 4   107 2   113 1   116 1   
2  6     75 1   112 5   
40  37     4 8   5 12   6 1   9 4   13 1   19 1   38 1   39 2   40 2   41 1   42 2   44 10   45 4   48 4   51 8   55 5   58 2   65 2   68 4   71 1   77 6   78 8   79 4   81 2   86 4   96 1   99 4   100 5   101 2   102 8   103 1   107 10   108 5   110 6   111 6   112 1   113 4   114 1   116 2   118 10   
42  53     0 8   8 2   9 12   12 4   13 8   15 4   16 4   17 1   20 2   21 2   24 9   25 4   26 8   27 2   29 4   30 2   36 8   38 4   41 8   44 4   46 2   50 4   55 4   56 2   57 2   59 2   62 4   63 4   70 2   71 2   72 8   75 1   77 1   78 8   80 2   84 2   86 2   100 3   106 2   114 1   118 1   119 1   
34  43     0 4   3 6   9 2   13 8   16 1   26 4   39 8   40 1   41 4   43 4   44 1   46 2   47 2   49 5   55 4   62 4   69 1   72 8   73 2   75 4   79 2   80 2   84 8   90 8   91 4   93 4   95 1   97 1   99 8   101 6   102 8   104 1   109 4   119 2   
31  42     4 1   8 8   9 12   16 4   17 1   27 2   29 2   36 1   39 5   40 8   42 4   46 1   49 8   51 2   54 1   57 2   61 1   65 2   68 4   70 1   71 4   72 4   73 4   78 6   86 1   89 3   101 2   106 2   107 12   109 3   110 8   
38  37     0 8   2 2   7 4   8 12   10 8   11 1   12 1   14 8   15 4   17 10   19 2   21 10   27 1   28 8   30 2   34 5   37 4   42 2   43 8   44 12   45 4   54 1   55 8   57 8   66 4   71 2   81 8   90 1   94 4   98 4   100 2   102 1   104 6   107 8   113 4   114 2   115 6   119 4   
45  37     0 5   1 2   6 4   9 2   10 12   12 5   13 4   16 4   18 1   20 2   28 1   30 8   33 5   36 1   39 8   42 4   43 4   44 2   45 2   48 5   51 8   52 4   53 6   62 10   65 2   68 1   70 1   75 1   77 4   79 1   81 8   83 8   85 9   87 9   92 4   94 2   98 1   99 5   101 8   103 2   113 4   114 8   115 8   116 2   118 8   
41  37     1 2   3 1   11 6   12 4   14 3   19 8   22 2   24 8   28 8   32 10   33 2   35 9   36 8   37 1   41 1   48 10   50 4   51 4   54 1   56 8   58 2   65 8   66 4   72 4   73 2   75 2   78 8   79 4   85 2   86 1   93 1   98 9   100 1   101 8   105 8   108 3   112 12   113 8   114 6   118 2   119 1   
33  42     1 4   2 6   6 1   13 4   16 1   25 4   28 12   29 7   31 4   32 8   35 4   46 2   47 2   52 8   59 6   60 1   66 4   67 3   68 12   76 4   79 5   80 4   81 2   85 1   86 8   92 1   94 12   96 5   99 12   101 9   110 8   115 2   119 2   
28  40     4 4   8 12   10 4   15 8   18 4   36 11   41 4   42 1   50 12   51 1   59 2   61 4   67 9   72 1   79 8   80 4   81 6   85 4   86 4   92 1   94 8   96 4   98 2   103 2   106 2   108 3   117 1   118 5   
42  32     0 8   3 4   5 2   7 2   8 1   10 2   12 1   14 1   20 10   24 4   28 4   29 8   30 9   31 8   36 2   37 8   48 4   51 2   56 1   58 8   61 2   66 1   69 1   70 8   71 2   76 4   79 6   82 2   83 6   86 1   92 2   93 4   94 2   95 8   96 2   101 4   102 1   103 1   106 12   111 1   113 1   115 4   
37  40     8 4   9 4   13 9   16 4   18 2   22 4   31 4   32 4   38 1   40 8   47 2   49 2   51 1   53 3   54 4   57 4   58 1   62 4   63 5   65 1   69 2   71 8   79 8   85 8   90 9   91 1   93 8   96 6   99 1   101 11   103 1   105 2   106 4   109 1   113 8   115 8   117 4   
52  49     2 2   3 1   4 1   5 4   6 8   7 8   8 2   9 2   13 1   18 10   19 5   20 8   25 1   27 8   29 4   31 4   32 5   34 2   37 8   39 1   40 5   43 2   44 13   45 1   47 12   49 8   54 1   56 1   57 10   59 2   65 4   66 8   68 4   72 1   73 12   74 1   75 4   77 1   84 2   87 2   88 10   94 2   97 8   98 2   99 2   100 4   101 2   104 1   105 8   109 1   111 2   114 8   
48  53     2 2   4 8   12 1   14 1   15 8   17 2   20 8   22 2   23 10   24 2   27 3   30 4   32 1   33 2   34 9   39 4   40 8   42 6   43 4   47 2   52 2   54 1   55 4   57 12   58 9   63 2   65 5   68 2   69 2   71 4   72 2   73 10   76 5   80 2   86 2   87 2   88 4   89 1   101 8   102 1   103 8   108 8   109 12   111 1   113 3   114 2   116 4   119 2   
46  39     0 5   1 8   4 4   5 8   7 8   10 8   13 2   16 1   17 1   21 4   28 2   30 2   31 4   39 8   42 6   43 2   45 1   46 4   49 4   50 10   51 6   52 8   55 1   57 4   59 2   67 8   69 5   70 2   71 4   74 4   77 8   80 2   88 1   89 8   91 1   92 2   93 4   94 1   95 4   100 2   102 2   103 8   111 1   114 8   117 4   118 8   
36  40     1 8   3 1   6 5   11 4   14 3   15 2   18 4   20 1   27 4   28 8   29 4   32 4   35 8   37 9   41 9   44 8   47 8   48 4   49 4   51 1   53 1   66 12   69 4   73 3   82 2   83 8   87 4   90 8   91 9   94 5   101 8   103 13   104 8   105 2   117 4   119 2   
41  39     1 12   3 2   4 2   5 1   6 1   15 3   17 4   18 2   22 2   24 8   26 6   33 2   35 2   37 8   39 3   41 2   42 2   44 8   47 1   54 2   56 1   58 1   59 4   61 8   64 4   66 8   67 4   68 8   71 9   72 2   73 1   76 4   77 4   82 4   95 2   100 6   104 4   105 4   117 2   118 2   119 2   
46  47     0 8   3 8   10 8   11 6   12 4   13 2   15 4   18 2   19 1   20 6   24 2   26 4   32 8   33 2   38 2   41 8   42 8   48 6   50 1   52 1   53 4   54 2   55 1   59 8   60 8   63 4   66 8   68 12   70 2   73 8   76 1   79 1   87 8   88 4   92 1   93 1   94 4   96 2   98 8   105 10   110 10   112 2   113 1   115 8   116 1   119 1   
45  46     2 10   5 2   6 8   9 5   11 5   14 4   15 8   16 2   17 8   22 8   25 1   31 9   32 2   35 8   37 6   38 6   40 4   41 4   49 4   50 8   60 9   65 4   71 12   75 1   79 2   83 2   87 8   89 4   91 1   92 1   93 3   94 4   98 2   99 1   101 7   103 1   105 8   106 2   107 2   108 2   109 8   111 4   113 8   115 8   116 4   
18  35     10 5   16 5   20 2   21 4   33 10   51 6   60 2   63 8   72 8   76 4   90 2   94 6   97 9   102 2   103 4   108 4   109 4   112 6   
The following result corresponding the SNR point : 2.6 dB.
41  47     5 12   8 4   9 12   13 3   16 4   20 1   22 8   23 2   24 8   30 3   33 4   34 4   40 2   43 4   44 1   46 8   48 5   50 4   51 12   57 4   63 2   66 1   68 8   69 1   71 8   75 4   79 4   85 4   90 2   92 3   99 4   101 4   102 2   103 12   104 2   105 8   106 8   110 2   115 8   116 4   117 6   
39  48     4 3   5 8   11 4   13 8   14 2   16 4   18 2   19 4   20 2   23 8   27 4   29 9   31 2   37 1   41 4   45 1   46 6   50 8   53 4   54 8   62 2   65 3   68 2   72 1   81 1   82 10   83 8   84 4   86 2   87 4   88 8   93 8   96 8   102 4   107 9   111 1   113 1   114 1   115 8   
39  54     3 2   9 1   12 4   13 8   14 10   18 8   19 8   23 8   24 4   25 3   35 4   40 13   43 1   44 4   45 1   47 1   49 5   54 8   59 2   60 3   62 2   63 1   66 5   67 1   69 14   76 4   79 1   80 2   84 8   86 1   89 1   96 9   105 2   107 2   109 12   110 8   114 2   115 4   118 4   
40  49     0 8   3 4   13 4   16 1   19 8   20 2   23 8   25 8   29 10   33 8   35 4   38 1   39 2   40 8   41 2   44 5   47 3   48 9   56 8   59 1   65 2   66 8   67 4   69 4   83 4   85 1   89 1   90 2   91 2   94 8   95 4   98 9   101 8   102 4   105 4   107 6   108 8   109 8   113 12   119 8   
4  12     15 8   68 8   74 4   92 10   
46  41     1 4   3 4   10 4   11 4   12 4   14 1   16 12   20 5   22 8   24 8   28 1   34 8   39 2   42 4   45 4   46 2   49 2   52 2   53 4   54 4   55 1   56 4   61 5   63 4   68 2   70 12   78 4   80 4   82 8   84 8   88 4   89 12   91 1   92 4   94 6   95 4   102 4   103 6   105 8   109 4   110 3   111 8   114 8   117 2   118 8   119 4   
45  51     2 4   6 2   9 8   10 2   11 1   15 2   18 8   21 1   25 8   26 2   29 8   30 1   34 8   35 2   37 8   38 8   45 12   46 1   47 8   48 4   51 1   52 2   53 8   57 10   58 8   60 4   72 1   73 8   80 2   81 8   84 8   88 4   89 8   91 8   93 4   99 2   100 4   104 1   106 2   111 1   112 9   113 4   115 4   116 2   118 2   
40  31     3 11   4 5   5 1   14 4   20 4   21 1   22 3   24 2   26 1   32 4   37 4   39 8   41 1   44 1   45 2   48 10   52 2   57 2   60 2   62 1   64 12   65 1   66 10   70 2   76 10   77 1   79 2   81 3   90 8   91 2   92 2   94 2   96 6   102 6   103 2   105 4   106 4   108 1   111 1   113 2   
33  51     0 2   1 2   3 12   5 4   9 1   10 4   14 2   19 7   21 9   25 1   30 14   36 6   46 11   47 2   53 8   57 6   58 2   63 3   64 10   66 4   69 1   76 2   78 4   79 1   81 8   82 2   85 1   88 13   92 6   100 1   104 8   115 8   116 2   
40  37     0 8   5 2   7 4   16 6   17 8   19 8   27 8   28 1   29 8   30 8   36 5   39 1   40 8   46 5   48 1   52 1   55 4   56 1   58 10   60 1   63 1   64 1   66 1   73 4   74 4   76 9   78 4   81 4   82 2   87 8   89 4   91 10   92 4   95 2   96 3   101 1   111 6   114 4   116 4   117 1   
42  55     2 1   4 1   6 5   7 8   13 8   15 3   16 1   20 2   23 4   25 8   26 1   27 8   37 1   38 2   39 1   48 4   51 5   55 8   56 1   57 1   58 4   59 2   61 4   62 9   63 2   66 4   67 2   71 8   72 6   77 1   79 4   83 1   85 2   88 1   91 4   92 9   99 1   102 4   105 4   106 2   115 8   118 2   
41  41     2 8   3 1   4 8   7 1   8 8   12 2   13 1   15 4   18 8   19 10   23 2   26 1   27 1   28 2   30 2   34 1   36 8   39 8   55 1   58 2   60 10   64 4   66 5   67 8   73 1   74 4   78 8   81 4   85 4   88 12   90 1   94 4   96 1   100 2   102 1   110 2   111 8   113 4   114 8   115 1   116 2   
38  45     0 4   8 4   9 8   17 4   21 9   22 1   23 1   24 1   30 8   31 8   34 4   35 2   41 1   43 4   44 2   45 8   48 6   51 2   53 8   57 4   61 12   67 8   70 6   75 1   77 2   79 2   80 9   83 1   84 1   87 4   93 1   97 1   99 8   100 2   109 5   112 1   117 8   118 5   
41  40     3 6   5 8   13 2   16 8   17 8   18 4   19 8   20 8   23 4   28 4   30 8   31 4   34 3   36 4   45 2   47 1   52 8   59 8   63 8   69 2   70 8   71 2   77 1   78 1   81 8   83 1   85 3   86 1   90 1   92 8   96 2   97 8   100 2   102 8   106 4   109 6   110 4   111 8   114 1   118 8   119 1   
37  44     2 9   6 1   8 8   10 1   20 8   21 1   23 4   25 1   35 2   37 4   43 3   48 4   49 1   51 4   57 4   62 4   67 8   68 2   69 4   71 9   75 12   77 8   82 4   83 5   85 1   89 5   91 8   96 1   99 8   102 8   103 1   104 2   108 8   111 12   113 4   115 1   119 8   
36  39     6 2   10 8   13 4   15 8   16 1   18 4   20 1   26 8   30 2   32 4   33 4   36 1   37 4   38 14   39 8   40 8   48 4   51 12   62 4   66 8   67 1   68 4   72 6   73 1   76 5   78 1   80 12   86 2   87 8   88 2   98 8   100 8   110 1   112 2   115 10   117 8   
30  46     0 5   1 1   11 4   14 2   15 4   22 5   36 1   37 6   38 8   39 4   45 2   46 8   47 2   50 8   54 1   55 9   59 2   61 1   64 4   70 12   73 4   75 2   80 8   93 7   96 2   100 8   110 1   114 8   117 2   118 5   
34  38     5 7   6 4   7 5   12 1   14 8   15 1   21 1   25 5   28 9   30 4   32 4   33 1   38 2   44 8   47 2   48 2   49 1   50 6   55 8   59 1   60 1   61 8   62 4   63 6   67 1   73 4   81 8   85 13   86 2   93 4   99 4   117 8   118 4   119 8   
44  46     0 4   3 4   11 1   18 3   23 8   26 8   29 1   33 8   38 6   39 8   40 2   41 1   44 10   49 9   50 2   52 2   53 1   54 2   58 4   60 6   63 2   64 8   70 4   72 1   78 4   82 4   85 4   86 8   89 2   90 4   91 1   93 4   94 1   96 9   97 2   99 10   100 2   104 2   105 1   107 1   108 2   113 4   114 4   115 8   
34  39     10 8   12 1   16 2   18 12   21 12   26 1   28 5   35 8   38 2   42 4   51 9   52 2   53 4   54 8   59 4   61 4   64 9   66 8   76 2   78 1   80 1   83 1   84 8   91 4   92 2   94 1   96 4   97 8   98 10   100 1   106 2   107 1   111 3   118 4   
30  39     5 4   6 2   7 5   10 8   12 4   13 2   18 12   19 1   25 2   28 10   35 2   39 3   41 2   52 8   58 10   59 4   65 8   66 8   71 9   72 4   80 8   92 1   98 2   100 10   106 8   108 1   111 1   112 4   117 12   119 5   
48  48     2 1   4 12   7 2   8 8   11 4   14 2   15 8   16 2   21 1   25 2   30 8   34 2   37 8   38 8   41 4   42 9   45 2   53 2   56 2   58 9   60 1   61 1   62 2   66 3   68 1   69 4   74 5   75 8   76 9   77 4   81 12   82 2   87 8   89 2   90 4   91 8   93 4   95 2   98 1   101 8   104 10   107 2   108 13   109 8   110 5   114 2   116 9   118 8   
43  47     0 2   2 8   4 9   5 4   15 2   16 1   18 4   21 8   26 3   32 4   37 2   41 8   42 7   47 2   50 4   54 3   57 12   60 4   64 2   66 1   67 1   70 1   71 8   72 5   76 3   77 2   78 8   79 2   82 1   83 4   86 4   91 4   93 9   95 4   96 4   100 10   103 1   106 3   107 1   108 1   111 2   113 5   117 10   
42  36     0 1   4 8   5 1   6 8   7 10   10 10   15 4   26 4   27 1   30 8   33 4   34 8   36 15   37 5   39 1   40 5   41 2   47 4   52 4   60 2   62 9   63 10   65 2   66 6   68 2   69 4   72 2   74 2   75 8   76 8   77 4   79 4   81 4   84 8   86 9   87 8   88 8   94 1   99 1   100 4   102 2   112 8   
22  38     7 4   16 6   24 6   26 6   27 4   28 4   29 4   34 1   35 4   39 2   41 2   43 2   47 4   60 1   68 4   69 8   70 8   76 4   80 2   84 10   101 8   118 8   
40  42     0 2   5 1   7 1   8 4   9 1   12 4   20 2   26 1   27 4   30 2   32 2   33 8   37 1   38 6   39 1   42 4   43 4   47 13   48 4   51 14   53 1   59 4   60 2   64 1   73 4   78 3   80 12   82 2   87 8   88 6   89 1   93 8   94 13   95 4   96 8   98 10   106 1   108 1   109 4   111 12   
14  37     2 8   3 4   15 2   21 2   25 4   28 4   30 4   40 9   49 2   51 4   59 3   61 4   106 4   112 2   
43  47     0 11   3 5   4 2   7 8   8 8   11 1   12 8   14 4   15 5   17 9   25 2   26 1   28 8   29 4   31 4   33 11   34 2   37 8   44 8   47 1   49 8   53 2   55 4   62 1   64 1   67 1   76 1   78 1   81 2   86 8   88 3   92 1   94 8   95 8   96 4   98 1   99 8   104 4   105 2   107 2   114 8   115 8   119 1   
48  47     1 4   4 2   5 1   9 1   11 1   16 4   17 5   20 5   24 10   28 8   29 4   30 1   34 4   35 12   37 1   38 8   39 4   41 8   46 8   47 2   49 1   51 4   56 4   59 6   60 1   64 2   65 1   66 3   71 12   72 4   76 8   77 4   79 8   84 2   85 1   86 4   88 1   90 12   91 4   94 4   99 1   101 8   104 2   110 4   114 9   115 2   116 1   117 5   
20  12     9 5   11 9   22 8   24 7   41 4   42 2   46 8   51 8   54 6   70 1   72 11   76 10   79 1   83 4   90 4   96 3   106 2   112 7   115 1   116 5   
35  40     1 1   2 8   4 2   7 4   10 1   15 8   19 2   27 2   28 4   29 6   33 1   41 4   46 2   54 3   61 10   62 8   64 2   67 4   71 4   76 6   79 10   82 8   84 4   87 2   89 1   92 4   93 4   95 8   97 2   100 1   105 6   107 2   108 10   109 1   110 8   
1  4     88 5   
29  46     5 4   6 5   15 12   18 8   19 1   24 1   25 4   28 8   39 8   41 6   46 4   47 1   48 1   52 4   60 2   65 2   67 10   70 4   72 4   76 6   81 8   82 5   92 9   94 4   95 3   103 3   113 6   116 2   117 6   
48  44     1 12   3 2   5 4   7 4   11 6   14 8   17 1   21 1   24 8   25 2   28 5   29 2   30 5   35 6   36 5   39 2   40 1   41 8   47 4   49 8   50 8   51 8   56 4   58 1   60 8   62 6   63 10   64 6   67 4   69 2   75 8   78 8   82 2   85 2   86 1   88 1   89 2   94 10   95 2   99 2   101 2   103 1   105 2   106 8   107 11   115 8   117 8   118 8   
45  55     4 2   8 2   13 8   14 1   16 4   17 9   18 3   21 10   22 2   25 1   29 4   33 8   35 1   38 8   39 4   40 4   45 1   46 1   50 8   54 2   57 1   59 2   61 8   63 1   65 8   68 1   75 15   76 8   77 2   78 8   81 8   82 8   84 2   85 1   86 8   91 12   93 8   94 2   96 4   100 4   107 4   109 8   112 8   115 1   119 2   
35  48     0 7   2 13   3 8   6 10   8 1   14 4   16 5   18 1   21 4   23 4   24 2   25 2   30 1   32 1   36 3   38 1   41 4   48 8   53 4   56 4   57 1   58 8   62 3   84 1   87 3   88 5   89 12   97 10   102 1   104 4   107 4   108 4   110 1   112 1   113 8   
40  39     4 2   5 2   7 4   20 4   25 8   27 2   28 4   29 2   33 10   38 2   40 4   42 2   43 6   47 2   48 1   50 1   56 2   61 4   62 1   63 4   66 3   69 1   70 4   76 8   80 4   81 2   83 4   89 2   90 1   93 8   98 4   102 1   103 4   108 2   112 1   113 4   116 8   117 5   118 2   119 1   
39  48     3 2   4 4   7 2   8 1   9 8   10 1   23 6   25 2   28 2   31 3   32 4   39 2   40 1   42 11   45 1   51 1   53 2   55 4   57 4   61 2   62 4   65 2   67 8   68 7   69 6   72 8   79 4   81 8   86 1   90 9   93 8   97 8   100 3   103 1   104 8   106 8   110 1   114 1   119 1   
34  40     3 1   5 1   7 8   10 8   12 1   13 5   14 4   15 4   16 13   26 5   27 1   38 4   39 3   44 2   47 8   53 1   62 8   63 2   67 1   71 2   76 2   81 11   82 1   84 2   86 8   91 5   94 8   96 1   99 8   100 4   108 8   113 4   117 2   119 1   
46  41     2 14   7 2   9 1   10 2   12 8   14 12   15 1   17 4   18 2   21 4   23 1   25 1   30 8   34 2   39 2   41 4   42 8   43 4   44 8   47 4   48 4   50 12   53 4   54 6   59 4   61 10   69 1   70 4   79 1   83 1   89 9   93 2   99 2   100 1   103 1   104 1   106 10   107 1   108 3   109 1   111 2   113 4   114 9   115 8   117 8   118 4   
22  44     17 2   20 4   36 9   39 12   43 2   45 2   48 1   51 9   52 1   55 4   64 6   65 4   68 5   71 8   74 3   75 8   81 8   87 2   91 5   98 2   100 8   105 8   
45  46     7 2   10 8   12 8   18 9   19 8   21 4   22 10   23 2   24 4   28 1   29 9   30 4   31 2   32 2   36 2   45 4   46 4   47 2   50 4   51 1   53 8   56 9   58 1   60 9   63 2   64 8   65 8   72 1   73 2   76 4   77 4   80 2   88 4   89 1   91 4   92 6   93 2   94 2   99 2   100 8   101 8   102 4   103 2   106 5   108 5   
35  50     2 4   3 4   5 5   9 9   10 1   15 8   16 2   21 2   25 4   27 1   36 13   39 8   46 3   49 1   56 2   59 2   61 8   62 4   66 2   67 4   70 8   71 2   75 8   78 1   79 5   82 4   85 8   90 14   91 8   94 1   97 8   100 2   109 1   114 6   116 4   
32  40     4 2   7 2   14 10   26 2   28 9   31 1   33 1   35 1   36 6   38 10   41 4   54 4   55 3   56 10   57 6   60 8   68 8   69 4   76 4   81 6   84 2   85 1   90 1   91 10   98 8   99 8   101 5   103 8   105 2   106 1   111 3   115 8   
46  41     0 2   3 1   4 2   8 12   11 4   14 8   15 9   17 8   21 4   22 2   24 6   31 4   34 2   35 4   37 2   38 1   40 8   42 1   43 4   50 3   52 4   53 8   54 4   55 2   56 4   59 4   61 5   63 7   65 5   67 2   69 8   70 8   72 12   75 8   76 6   81 8   86 1   90 4   97 4   98 4   99 2   100 1   111 8   113 4   114 1   115 4   
46  34     1 8   3 9   6 2   9 4   10 1   11 4   12 8   13 4   19 8   20 2   25 8   26 4   27 1   28 8   30 1   31 5   33 8   35 1   36 1   39 8   40 1   43 1   44 8   47 8   48 4   50 8   52 1   57 8   59 1   60 10   63 1   64 2   65 9   72 4   75 4   79 8   85 8   104 4   107 9   110 1   111 4   112 1   113 1   114 3   116 1   119 8   
34  47     3 4   4 4   9 6   12 8   14 12   15 2   18 14   25 2   31 1   32 8   36 3   37 1   40 1   42 8   50 6   52 2   54 2   59 1   66 2   70 8   73 4   78 2   79 4   81 2   86 8   87 2   92 2   98 8   101 8   102 8   109 1   112 8   117 4   119 8   
41  46     8 3   9 2   11 1   12 2   14 6   19 4   20 2   22 2   26 4   27 9   33 2   34 1   39 1   41 1   43 3   48 2   49 1   53 9   55 10   56 8   58 2   62 8   70 10   73 4   74 4   75 8   76 2   86 4   88 11   93 2   95 10   96 7   98 4   101 8   102 4   105 1   106 2   107 4   108 1   111 4   117 8   
37  46     1 1   2 1   4 1   7 6   9 8   11 1   14 1   26 2   27 4   28 1   30 8   32 1   35 9   36 10   39 8   42 8   48 8   50 2   51 8   52 8   57 4   60 4   61 2   64 11   74 2   75 1   79 10   80 2   81 2   93 2   96 4   100 8   104 4   105 4   108 1   111 2   116 2   
43  44     0 8   3 8   4 8   17 1   22 8   24 2   26 2   28 1   30 2   32 4   36 6   43 4   44 1   46 4   49 4   52 8   53 1   56 2   57 2   61 8   62 2   64 4   67 4   68 1   70 2   71 8   73 3   75 4   76 2   78 2   80 2   84 4   85 12   93 1   98 2   102 4   103 4   105 2   107 2   109 4   113 9   114 1   117 4   
38  37     3 1   8 2   11 9   12 1   14 1   18 1   22 1   25 8   27 1   28 5   31 2   34 1   37 4   40 4   41 2   42 2   49 12   56 8   57 8   58 4   63 8   64 9   65 8   71 1   74 4   76 12   78 1   82 8   91 8   92 4   95 3   96 1   97 4   102 6   104 1   105 8   107 2   111 10   
50  48     0 5   4 2   5 4   10 4   13 2   16 8   18 1   20 2   23 6   24 5   25 1   27 8   28 2   29 2   30 8   31 8   33 4   37 4   38 2   39 4   40 9   42 8   45 8   49 8   57 4   61 8   62 8   64 2   76 4   77 4   78 2   79 4   82 2   85 2   87 1   90 12   92 4   94 4   95 1   96 4   97 8   98 4   99 2   103 4   105 4   111 2   112 8   113 8   116 1   117 1   
29  47     0 2   5 1   7 2   13 4   16 4   21 1   26 1   27 4   33 1   34 4   38 10   53 5   60 2   61 1   62 8   66 8   68 4   70 8   77 4   89 4   90 8   91 9   99 1   101 8   103 5   106 2   111 1   113 1   117 2   
31  46     5 14   16 1   19 1   20 8   21 6   23 12   26 4   29 9   33 7   38 8   47 8   56 8   64 1   66 4   74 4   76 3   86 13   89 4   93 2   96 2   99 2   101 4   102 8   103 1   108 6   111 8   112 2   113 1   115 1   116 8   117 1   
47  47     0 8   1 1   3 2   5 8   10 2   12 4   18 4   19 1   20 10   21 10   23 2   25 4   27 1   29 4   30 2   32 2   33 2   37 8   40 4   46 8   47 2   53 2   57 1   59 4   60 3   61 8   69 2   71 1   75 8   77 4   83 8   86 2   87 9   88 2   92 10   97 1   100 4   104 1   105 1   109 1   111 3   112 4   114 4   115 1   116 1   117 2   119 2   
26  41     0 13   2 8   9 2   12 8   14 2   19 4   27 8   32 4   35 10   39 12   50 12   54 2   56 14   60 12   64 4   66 1   72 2   73 4   75 1   89 2   96 11   97 5   108 8   110 4   114 12   115 14   
39  50     0 4   4 8   6 8   10 4   12 1   13 8   17 2   21 6   24 12   26 2   27 4   36 1   37 4   42 2   43 8   53 1   55 2   57 8   58 4   61 8   65 1   66 9   67 8   68 8   71 9   77 1   78 2   79 8   80 4   82 8   89 2   92 8   95 4   98 2   106 4   108 8   117 8   118 1   119 4   
15  29     5 12   13 1   14 4   28 1   34 10   38 3   46 12   47 1   50 4   65 5   78 4   79 1   86 1   91 12   115 8   
29  41     1 2   4 10   5 1   7 13   9 4   20 4   22 4   23 6   25 8   29 1   30 4   37 1   40 2   45 6   49 8   50 8   74 6   79 10   84 2   85 1   86 10   90 2   95 6   96 2   97 1   102 2   104 2   107 6   108 2   
34  41     0 2   2 1   3 4   4 4   15 1   18 4   20 3   22 9   26 8   28 4   30 4   33 1   36 8   40 4   48 1   51 5   53 10   61 1   63 2   67 1   68 3   69 5   75 8   76 8   83 4   85 10   86 9   87 1   90 2   97 8   100 2   103 2   104 8   117 2   
37  50     1 4   5 8   7 2   14 4   16 1   18 2   22 4   27 4   33 8   36 4   39 10   43 14   46 4   48 4   50 3   51 2   55 5   57 9   59 1   63 4   68 4   69 8   70 8   72 1   74 8   77 1   78 8   81 9   94 9   99 4   102 1   108 8   109 1   114 1   115 5   117 2   119 1   
34  48     2 2   3 9   5 1   7 2   11 8   16 2   19 12   23 1   24 1   31 4   33 3   34 8   41 1   46 9   47 1   62 8   64 6   67 1   69 12   76 1   78 4   79 3   85 9   88 4   91 4   96 2   98 2   100 2   104 2   111 4   112 1   113 1   114 14   116 2   
36  54     1 2   10 10   11 2   20 4   21 3   22 8   25 8   29 5   35 4   36 8   40 8   48 8   53 1   55 1   56 5   62 6   63 2   67 4   68 5   72 1   75 4   77 8   80 1   81 1   85 4   86 4   91 4   92 8   94 8   96 4   97 8   101 2   104 8   112 9   113 1   114 8   
25  33     10 6   22 1   28 1   30 1   31 4   35 4   36 2   44 2   52 2   54 1   64 1   70 2   76 4   80 8   84 10   86 8   87 4   91 8   94 2   97 1   98 4   99 2   110 4   111 1   113 3   
30  41     2 11   8 8   9 2   15 4   16 1   20 4   26 9   38 4   40 9   41 1   42 3   44 1   51 2   52 2   59 8   66 4   69 1   72 8   74 8   79 2   83 4   86 12   88 3   92 2   95 2   98 2   99 8   108 4   109 1   117 6   
39  44     0 8   1 12   3 4   6 2   7 4   8 1   9 8   10 9   13 2   18 2   24 2   27 6   33 2   36 4   37 8   51 4   53 9   54 1   55 4   57 10   59 5   61 6   67 10   69 2   80 1   83 2   89 9   90 1   92 1   96 8   97 11   98 2   101 1   102 1   112 4   114 8   115 7   117 1   119 8   
21  47     4 2   9 1   10 8   15 3   16 3   33 4   36 4   37 1   41 1   47 4   50 4   61 2   65 8   69 1   72 8   91 2   93 1   107 6   108 4   109 8   117 9   
36  44     1 3   2 8   5 1   12 8   13 2   15 6   18 5   21 3   28 2   29 2   35 1   40 6   42 4   44 1   45 1   48 8   55 1   64 2   69 8   72 2   75 4   76 5   82 4   87 8   89 8   90 1   92 12   94 6   101 4   105 4   106 5   108 4   109 1   111 4   116 8   117 4   
34  45     1 12   6 2   17 4   18 8   21 1   24 1   25 8   31 2   32 9   37 1   38 2   39 1   44 1   48 1   53 14   58 1   67 8   73 4   74 8   78 2   82 5   83 1   85 4   87 12   91 8   93 1   94 2   95 2   96 4   103 8   108 1   110 4   112 9   118 5   
36  38     2 4   3 8   11 7   15 12   16 2   21 1   23 4   24 8   31 1   35 1   36 1   44 8   52 1   55 2   57 1   58 2   64 4   71 8   74 1   78 8   81 1   82 2   88 8   90 12   91 4   94 4   95 8   96 4   98 2   99 12   100 8   104 8   110 2   111 1   114 1   118 8   
40  44     0 1   5 4   12 9   19 1   23 1   25 6   27 8   29 2   30 2   32 1   35 8   36 1   40 4   46 8   47 1   48 1   51 9   53 1   56 1   59 8   61 10   64 1   65 2   67 8   74 2   79 7   81 12   82 1   90 4   93 2   97 4   98 8   100 9   104 5   107 1   110 4   111 2   112 1   114 1   117 1   
34  48     0 2   1 2   2 4   4 8   10 4   14 1   16 2   22 8   31 2   32 10   34 1   35 1   37 1   48 4   50 2   52 8   59 2   62 2   71 4   72 1   79 4   80 4   83 8   85 4   90 8   92 4   94 2   96 12   102 2   107 8   109 6   111 13   114 4   116 4   
20  44     0 2   2 5   8 2   21 10   25 6   26 10   34 1   54 8   64 2   80 12   85 1   86 5   87 1   96 6   100 2   102 2   104 10   112 3   113 5   116 4   
36  36     2 4   5 8   9 4   11 1   13 3   17 2   18 8   20 2   21 8   25 10   31 4   32 4   33 12   38 1   43 2   44 2   49 4   50 1   54 12   56 1   61 8   68 1   69 2   75 2   77 2   80 3   81 2   87 2   88 8   89 4   92 12   96 8   99 4   109 8   113 1   115 4   
39  48     8 4   10 5   11 1   14 11   18 1   19 6   21 6   22 1   25 1   26 1   30 1   32 1   35 1   38 6   39 1   40 2   41 4   44 4   48 5   50 4   54 10   56 1   64 1   67 4   68 1   73 1   78 4   81 2   83 4   88 8   90 2   95 2   96 1   98 2   99 1   101 2   111 8   112 4   119 1   
37  44     0 2   2 1   4 8   8 4   12 10   13 1   14 2   26 4   27 2   30 4   38 8   42 2   45 2   49 8   51 4   53 3   55 4   57 3   58 2   60 8   69 6   72 4   74 8   75 4   76 8   78 8   83 8   92 4   96 9   101 4   105 1   106 8   109 12   114 4   115 2   117 2   119 6   
30  41     2 1   3 4   6 4   8 4   19 2   20 3   30 9   36 1   41 4   45 2   46 2   49 12   56 1   63 6   65 2   67 6   73 1   74 10   80 8   85 1   87 4   89 13   92 6   95 1   96 4   98 1   100 1   107 6   110 2   116 12   
51  37     6 4   9 2   13 2   14 4   17 2   21 2   23 4   25 4   27 4   32 4   33 2   34 1   36 8   38 8   39 9   41 4   42 8   44 8   45 2   46 2   49 9   51 8   53 2   55 8   56 8   59 2   60 1   66 6   70 5   71 1   72 2   74 2   75 8   76 2   78 1   79 8   80 8   85 2   87 3   89 2   90 4   92 8   102 1   103 6   104 8   106 1   110 2   113 8   114 4   116 2   118 1   
33  39     3 8   8 12   14 8   20 8   26 4   29 8   30 12   32 13   34 4   40 1   42 8   47 8   48 2   51 4   58 10   60 6   61 2   62 2   64 1   66 8   75 6   78 2   84 5   85 4   87 8   92 1   93 4   95 1   99 2   104 1   105 4   106 8   114 5   
25  34     4 1   10 6   14 5   17 2   19 8   30 8   31 2   32 2   38 4   39 3   54 2   66 1   73 6   74 9   76 5   78 2   80 5   86 1   87 8   88 6   91 2   101 14   108 1   111 4   115 9   
40  40     2 4   3 8   4 2   11 10   12 10   13 8   14 8   17 5   21 1   23 4   27 5   29 5   32 4   39 8   43 10   47 2   50 4   52 8   53 1   58 8   62 1   64 8   68 4   72 2   74 8   76 1   77 6   79 2   81 8   85 8   86 2   88 8   96 4   101 4   104 12   108 4   111 8   117 10   118 2   119 4   
52  59     1 5   4 10   8 4   12 4   13 4   17 3   19 4   22 2   25 6   27 1   29 1   30 10   31 8   32 2   36 1   37 4   38 4   40 4   43 8   50 8   52 2   55 8   56 1   60 1   62 2   63 6   66 2   69 1   76 4   79 8   81 8   82 2   84 5   86 5   87 2   88 4   89 4   93 1   97 8   99 8   100 6   101 1   103 9   104 4   105 4   107 1   108 8   110 11   112 5   114 2   117 11   119 1   
36  48     1 6   3 8   7 10   9 3   11 4   14 3   18 4   24 4   25 3   26 2   28 2   30 2   31 4   35 13   43 2   44 1   53 1   54 1   57 4   60 9   66 12   72 8   73 8   74 2   77 2   79 3   80 4   87 2   91 2   95 1   96 4   98 8   110 9   114 2   118 5   119 1   
43  47     0 8   1 4   4 5   10 4   14 4   15 1   20 9   23 9   24 8   35 1   43 2   44 6   46 4   47 4   48 10   50 2   52 12   53 4   55 4   57 1   58 4   62 8   63 12   67 3   68 4   70 1   72 8   77 3   82 8   84 8   85 1   86 2   87 1   88 4   89 2   96 5   102 8   106 1   110 6   111 1   113 2   115 4   117 3   
40  37     2 1   4 4   6 2   9 4   12 1   13 1   14 4   15 6   20 1   26 8   28 8   30 8   33 8   37 12   38 1   39 2   45 1   49 1   53 4   64 4   65 5   68 4   70 5   72 9   74 7   75 4   78 4   80 8   81 4   87 4   90 1   91 9   92 1   94 4   97 2   101 1   113 9   116 8   117 2   118 1   
36  45     0 4   2 10   6 2   9 1   11 8   17 8   24 8   26 4   42 1   43 8   44 1   45 2   48 4   50 8   51 2   54 8   56 6   57 1   58 1   59 5   64 4   66 8   70 9   76 5   77 5   82 1   85 4   95 2   96 8   106 8   107 9   110 2   113 2   114 3   116 1   119 9   
41  44     3 2   4 12   6 8   9 5   14 3   15 8   17 2   18 2   20 1   27 8   30 10   32 10   39 6   41 8   43 6   46 10   51 8   54 4   55 4   60 1   61 8   68 10   74 4   75 9   78 4   83 1   84 1   89 2   90 8   92 9   93 2   94 4   95 6   96 8   97 8   101 4   106 2   109 4   112 4   113 4   115 1   
33  54     1 12   3 12   7 6   14 4   19 4   23 1   24 4   27 1   28 1   36 2   40 2   46 8   50 4   52 1   53 9   54 4   59 5   65 8   66 4   70 2   78 6   81 4   82 8   84 6   89 8   94 8   97 4   98 1   101 5   105 8   106 1   115 4   119 5   
39  44     1 1   5 2   6 8   9 1   13 1   16 4   17 1   18 4   31 1   34 2   40 2   42 8   43 5   45 4   50 5   53 8   56 1   57 4   63 2   65 2   66 8   68 1   72 6   75 4   81 2   83 2   86 1   88 8   90 1   92 1   98 4   102 1   104 4   107 2   109 8   111 8   116 1   117 3   119 1   
34  43     3 8   10 1   11 1   17 8   18 2   22 9   23 1   32 4   33 5   35 1   36 2   37 3   40 4   41 9   50 1   51 1   53 8   54 4   57 4   59 4   62 4   63 8   66 5   76 1   80 8   92 1   95 2   96 8   101 6   102 3   105 4   114 1   117 1   119 4   
35  45     0 1   4 12   8 1   11 2   14 4   16 2   19 2   20 2   28 12   34 4   37 1   39 3   40 12   42 8   43 8   47 8   52 4   56 4   60 1   62 2   63 8   68 10   71 12   72 8   74 4   79 4   81 2   94 8   101 4   102 4   103 4   105 4   108 2   111 6   115 4   
25  42     1 1   7 4   8 8   11 1   14 4   18 1   19 2   21 4   23 8   36 8   43 2   50 2   78 3   79 8   82 10   86 12   88 8   91 2   95 1   100 12   104 2   106 4   114 11   115 3   118 6   
26  45     0 4   8 2   9 8   19 1   26 5   35 8   37 8   38 2   40 1   42 2   45 5   48 2   53 4   54 8   59 4   61 2   68 1   78 2   90 4   93 8   102 1   111 1   113 8   114 3   115 10   117 2   
43  42     1 1   4 8   7 4   13 8   16 8   20 2   22 1   23 11   24 4   25 4   26 11   33 10   34 2   38 2   40 5   41 3   44 4   46 6   52 1   53 8   54 4   60 9   65 1   68 10   71 1   73 2   77 2   80 4   81 2   83 1   88 3   90 6   94 4   95 8   102 4   104 1   105 1   109 4   111 2   112 10   113 1   114 4   117 1   
40  50     1 2   7 3   12 4   14 10   17 8   18 1   20 1   23 1   26 8   29 3   34 2   35 4   36 1   41 8   50 2   51 10   52 4   55 3   56 8   57 5   58 8   62 4   63 2   64 8   66 9   68 9   75 9   76 2   77 8   78 8   82 4   83 2   91 1   93 4   96 1   105 8   106 8   108 4   117 2   119 1   
39  40     2 1   4 2   7 4   13 4   14 4   23 6   24 2   26 8   33 2   34 1   35 2   36 4   39 3   40 2   43 8   46 1   48 2   50 6   51 2   57 3   58 4   60 4   62 2   64 8   68 9   72 1   74 8   77 9   79 2   81 1   82 1   88 3   89 1   92 5   94 8   101 4   103 2   117 4   118 2   
44  51     0 8   1 8   8 4   9 4   11 9   12 8   16 4   17 4   20 8   22 4   24 4   25 1   26 2   27 8   31 1   35 4   38 11   39 2   40 3   41 10   46 2   49 10   50 4   52 1   57 2   58 1   61 4   62 1   71 4   75 2   76 2   80 1   84 4   85 8   86 8   88 9   90 9   95 4   96 4   104 1   109 2   114 1   116 2   119 4   
32  40     0 1   3 4   4 1   6 2   14 1   17 8   21 8   28 2   30 1   31 8   38 5   41 2   50 2   54 4   55 1   56 2   59 8   60 7   67 8   74 11   75 5   80 12   88 8   89 1   91 4   96 9   97 2   100 1   103 4   105 4   110 8   114 2   
28  38     0 2   5 2   6 8   7 5   11 6   16 3   18 3   22 2   23 12   24 4   30 10   54 8   56 12   57 4   59 1   70 2   71 8   74 4   76 1   77 2   85 2   87 4   90 2   95 1   101 9   103 8   109 4   115 8   
22  31     0 8   1 8   26 1   34 9   41 4   48 6   51 6   56 10   61 8   64 2   77 4   86 3   94 8   102 2   103 8   106 4   107 4   110 4   112 2   113 3   115 1   117 2   
The following result corresponding the SNR point : 3 dB.
34  45     2 4   4 11   7 9   13 5   16 1   17 2   20 4   22 6   27 2   29 1   35 4   42 9   43 8   55 4   56 8   57 4   60 4   64 8   68 8   71 8   73 1   75 4   81 8   82 2   84 4   85 2   92 2   95 4   104 10   109 8   113 12   115 8   116 1   118 8   
35  49     8 1   9 2   11 9   13 1   14 8   21 2   22 4   29 10   32 1   35 4   36 8   40 5   43 6   44 2   48 4   55 3   59 2   64 10   65 2   68 4   69 5   75 3   79 4   80 8   85 4   87 8   88 8   93 4   96 11   97 4   103 2   107 15   109 8   113 8   115 10   
47  51     5 2   7 8   8 8   14 8   21 5   22 1   26 7   28 1   29 2   34 4   35 8   37 4   40 8   42 2   47 4   48 1   49 3   51 8   52 4   56 8   60 9   61 1   62 10   63 4   65 4   66 1   75 1   76 3   78 4   81 4   83 2   85 9   86 1   90 8   91 2   93 1   95 4   96 8   99 5   101 8   102 2   104 1   105 1   106 8   108 8   110 4   111 4   
33  45     1 3   6 2   9 10   15 1   16 4   17 1   21 1   23 4   28 1   33 4   34 12   40 9   49 2   50 8   53 5   54 1   55 4   57 1   63 8   69 2   73 4   75 8   77 1   80 8   83 5   86 9   95 4   104 2   105 2   107 10   109 5   113 8   116 6   
43  49     1 2   3 8   14 4   17 10   18 8   19 4   22 1   23 8   25 11   26 4   28 2   29 5   39 1   41 1   42 2   44 12   46 8   47 12   52 4   56 2   57 4   60 3   62 5   65 2   66 2   67 8   68 9   70 12   73 1   74 2   80 5   89 4   90 8   91 9   92 4   101 1   103 1   108 4   110 12   114 2   116 1   117 8   119 2   
40  48     2 2   6 8   9 8   12 2   17 1   19 5   21 11   23 14   24 3   30 12   31 8   32 2   33 1   35 6   36 8   38 8   41 1   43 2   44 1   46 1   47 4   50 5   53 9   58 2   59 2   66 1   73 1   77 4   83 1   88 2   91 2   93 8   95 8   99 4   103 2   107 2   108 1   111 4   116 9   118 8   
39  44     2 8   9 4   10 8   12 8   15 4   19 1   26 8   28 8   30 2   39 1   40 8   42 5   44 1   49 2   50 2   52 2   59 2   60 2   66 3   69 10   70 3   71 4   73 9   83 4   86 1   87 4   91 4   92 8   93 1   99 9   100 8   102 2   105 2   106 1   107 3   108 8   115 6   116 10   118 2   
31  47     1 12   2 1   3 2   4 13   5 2   17 4   23 1   27 2   30 4   31 1   35 1   44 8   57 1   59 2   60 6   61 1   65 8   66 8   76 1   77 1   80 8   86 4   90 4   91 1   93 2   94 2   102 12   106 1   111 9   114 2   116 8   
1  4     58 14   
43  51     4 14   5 1   9 4   10 1   11 2   21 6   26 1   28 8   31 8   32 11   34 8   35 13   37 12   40 8   42 2   45 8   54 1   56 8   58 1   60 1   61 8   62 5   63 12   68 3   70 2   71 8   72 4   76 4   80 1   83 10   86 8   87 8   88 10   89 8   90 2   94 9   95 4   96 4   111 4   113 1   114 1   117 10   119 2   
37  46     0 4   2 9   3 2   5 5   9 1   10 8   11 10   19 8   25 1   27 2   31 4   33 4   37 1   41 4   44 9   50 2   51 2   56 1   57 8   58 4   59 2   61 5   63 4   65 2   67 12   70 12   76 8   77 2   80 8   83 5   85 4   86 1   87 8   88 1   101 4   108 8   115 4   
31  52     4 4   8 4   11 1   18 3   21 4   23 5   24 2   33 10   40 2   42 8   44 10   46 6   49 8   52 4   58 2   64 2   66 2   71 1   76 2   77 8   81 5   82 2   84 8   85 2   91 10   92 1   95 8   97 13   103 6   110 8   113 3   
45  44     1 4   3 8   7 10   10 10   13 2   14 2   16 8   21 7   23 4   24 2   25 1   27 1   29 2   34 2   39 1   40 1   41 12   42 10   43 2   44 4   45 9   47 4   48 8   55 4   59 9   62 9   63 5   70 1   73 1   82 2   83 8   87 1   89 9   91 2   92 4   93 4   97 2   100 4   102 5   103 8   106 8   111 6   114 4   115 8   119 8   
45  54     2 2   10 4   11 2   12 4   13 4   15 1   16 4   19 2   20 10   21 10   24 1   26 1   27 8   30 2   33 2   34 2   36 12   37 4   41 1   42 1   47 1   55 4   58 2   62 3   65 2   66 2   67 1   69 1   72 2   73 4   75 10   79 8   81 1   85 2   88 8   94 4   101 12   103 2   104 4   110 12   115 1   116 8   117 2   118 2   119 8   
44  44     0 1   1 4   5 4   7 1   9 2   10 6   13 3   15 9   16 4   17 4   23 8   31 1   33 2   36 6   37 1   38 2   39 4   40 1   43 2   44 2   45 9   47 4   48 8   50 2   55 1   57 4   61 8   65 4   71 1   73 8   76 1   77 8   86 2   87 1   88 4   89 4   91 1   100 1   104 8   105 1   111 8   112 1   114 2   116 2   
34  47     0 2   1 8   3 2   16 8   23 2   27 11   29 4   31 4   35 1   37 12   39 1   41 1   44 8   45 2   49 2   52 12   59 3   60 4   64 8   72 4   75 2   77 4   79 2   81 8   83 8   85 4   90 3   93 4   99 4   100 10   109 4   111 1   115 2   116 2   
32  43     0 4   1 1   2 8   4 5   7 6   10 8   16 4   19 8   28 1   32 1   33 1   43 2   44 10   48 8   57 1   62 1   63 4   71 3   72 9   75 4   76 3   79 12   83 1   85 4   93 4   96 2   104 8   107 2   108 8   110 4   111 4   112 1   
38  41     7 1   10 1   14 2   16 1   19 2   21 8   23 4   25 4   26 1   30 1   31 8   34 6   37 3   38 2   42 1   43 3   47 8   49 2   52 4   54 4   55 9   60 4   61 8   74 2   81 3   84 5   87 1   90 2   95 2   97 4   101 8   104 1   107 6   108 9   111 4   114 4   115 12   118 4   
37  47     0 1   2 6   6 8   13 4   20 3   22 4   25 2   35 5   38 1   40 4   42 2   48 1   52 4   53 1   58 8   61 8   63 1   67 4   71 8   73 1   79 9   81 8   82 1   83 2   88 8   89 8   92 4   94 8   97 4   98 4   102 9   105 4   109 1   110 4   111 1   113 4   119 2   
45  50     2 4   3 2   7 1   8 1   15 7   16 1   17 8   19 8   22 2   23 4   25 1   26 4   31 1   33 5   34 2   36 1   37 6   38 3   39 8   43 1   45 8   47 2   48 2   52 4   58 6   60 2   67 8   69 4   70 13   73 8   77 1   78 8   79 10   86 10   87 1   88 1   89 4   94 4   96 1   98 14   100 8   102 13   112 4   113 8   119 6   
35  45     2 4   3 6   4 1   10 2   14 4   16 2   17 2   19 12   22 2   34 1   37 8   38 2   45 8   46 2   52 1   55 2   60 4   62 12   66 1   70 12   71 4   72 1   73 9   76 4   79 8   81 3   83 1   85 3   88 2   90 4   91 4   106 8   110 3   112 2   119 4   
36  55     3 10   4 8   7 1   19 2   22 2   23 4   24 4   25 1   29 4   33 3   34 8   36 1   37 1   41 1   45 4   48 10   50 8   56 8   57 6   59 4   60 3   62 12   66 4   73 10   76 1   81 4   82 4   84 9   90 1   95 1   96 4   97 4   106 4   110 1   113 8   115 1   
40  47     8 1   9 2   10 1   12 2   13 1   16 1   17 2   18 8   19 8   21 1   22 6   24 12   33 8   34 9   35 1   36 1   38 6   40 4   42 8   44 11   46 5   55 2   60 5   63 2   64 2   70 4   71 6   72 6   77 1   84 3   86 6   88 1   92 9   93 9   99 5   101 10   102 2   103 1   113 6   119 1   
33  39     7 9   15 8   17 2   18 2   19 4   23 12   27 4   29 4   32 1   34 1   36 9   37 1   39 12   40 6   42 10   43 2   46 2   47 1   56 11   58 12   68 4   70 4   74 4   77 4   81 4   82 8   84 12   95 1   97 2   104 1   109 2   110 2   117 10   
32  47     5 1   10 5   11 1   15 9   17 8   19 4   29 2   37 8   38 2   42 2   44 2   47 4   54 1   61 4   64 3   71 1   79 8   81 8   84 1   89 1   92 1   93 2   94 10   96 8   103 1   106 1   107 10   108 4   110 2   112 8   118 1   119 12   
45  55     3 4   7 2   8 2   9 1   10 2   12 8   13 3   14 4   21 3   23 2   26 4   32 1   35 4   37 1   42 8   43 2   45 1   48 4   49 4   50 4   53 10   55 1   60 1   61 1   62 5   63 1   64 4   66 8   71 2   83 10   84 8   87 1   88 8   89 4   91 4   92 1   97 4   100 2   101 4   104 8   106 1   108 4   112 10   115 2   119 1   
39  40     0 1   1 2   6 2   14 2   18 1   24 2   28 1   33 4   37 2   38 1   40 1   41 2   44 4   49 1   51 9   53 1   54 8   55 10   59 8   61 8   63 1   67 2   68 4   69 1   72 4   73 8   76 8   77 1   78 2   81 4   88 3   90 8   96 8   98 4   101 2   105 1   108 1   109 1   117 1   
44  50     2 8   4 4   11 1   13 2   17 4   19 2   27 4   29 8   33 9   34 4   37 4   44 8   45 1   46 1   48 6   53 4   54 8   57 10   58 12   59 4   64 4   65 8   68 4   72 4   73 10   75 4   76 11   78 6   81 1   82 12   84 8   87 2   89 8   92 8   94 3   95 5   98 4   101 2   103 8   105 4   109 2   110 1   118 14   119 4   
39  51     6 2   7 8   9 8   11 2   12 8   14 2   16 1   19 8   20 1   21 4   30 1   32 2   33 4   35 2   36 1   41 2   42 8   44 9   50 5   59 1   60 11   62 2   76 6   78 2   82 1   83 1   86 2   88 4   91 1   92 9   96 8   98 4   100 10   101 2   103 10   110 2   112 1   113 1   116 2   
39  52     4 8   6 8   7 4   12 12   15 8   19 4   21 3   22 2   25 2   26 4   33 8   36 9   38 1   39 2   42 4   44 7   46 8   47 2   48 4   54 4   56 1   57 8   61 3   64 4   65 10   73 1   74 4   75 2   80 2   84 4   87 1   88 2   93 4   96 1   100 1   105 4   111 8   117 4   118 2   
32  44     3 4   9 8   10 11   11 1   30 8   38 9   41 2   46 8   50 4   55 2   56 2   59 2   60 2   64 8   65 8   72 2   83 10   86 1   87 2   92 1   93 1   94 6   97 9   98 1   99 4   102 8   103 12   104 8   110 10   115 4   116 3   119 8   
43  49     3 4   6 4   9 4   10 12   11 14   19 1   21 5   25 2   28 2   29 8   31 3   36 8   39 1   40 2   41 1   42 2   43 8   48 1   56 10   58 2   59 1   60 1   64 1   66 8   68 8   69 12   73 9   78 4   82 8   83 1   86 9   87 10   90 4   94 8   99 1   100 4   107 8   109 5   110 9   115 9   116 6   117 4   118 2   
24  42     1 9   5 12   16 14   19 3   23 9   25 5   27 1   29 8   31 4   37 2   40 2   47 1   56 2   57 12   63 1   68 8   72 1   88 1   93 8   97 8   98 4   99 4   109 6   115 5   
39  50     1 8   3 10   6 2   11 8   12 2   18 8   19 4   24 2   35 1   42 8   44 1   47 2   48 1   49 4   51 12   55 2   60 1   63 12   70 4   74 10   77 8   79 8   83 1   85 2   87 2   89 8   90 1   93 1   95 1   97 2   99 13   100 8   105 8   106 13   107 8   112 4   115 4   117 8   118 8   
4  14     28 8   31 8   38 8   116 12   
40  54     7 8   9 6   10 5   11 1   16 4   17 10   19 2   21 1   26 4   33 2   38 4   43 4   44 1   47 4   49 1   52 1   54 8   56 8   57 2   60 9   61 4   63 1   64 4   66 2   67 4   71 1   73 1   76 4   82 1   84 2   85 10   87 4   97 1   99 8   101 2   108 10   110 2   112 12   115 10   119 2   
47  50     0 10   3 2   4 1   5 8   9 2   10 9   14 8   19 4   20 6   23 8   24 8   28 3   31 8   35 4   36 10   38 10   39 4   40 1   46 6   47 3   48 8   49 1   55 2   56 2   58 4   59 6   60 8   61 8   64 9   69 4   71 3   72 8   74 3   77 8   79 9   82 9   87 1   89 1   97 2   98 11   102 10   104 8   105 8   106 10   107 1   110 8   111 8   
31  46     3 7   11 1   14 8   18 2   31 4   33 9   35 6   41 2   42 4   46 10   47 1   54 1   55 2   57 1   62 9   66 1   71 10   76 9   77 1   82 8   83 8   85 4   88 1   91 8   93 2   94 2   98 2   99 8   111 8   117 2   118 1   
41  50     0 8   3 2   6 1   7 1   8 4   10 10   14 4   16 8   28 8   29 1   30 1   31 10   40 8   43 1   44 1   46 6   48 4   53 9   59 8   67 8   71 2   73 2   76 8   77 2   79 2   82 8   84 7   85 4   86 8   90 11   92 9   93 1   94 1   99 4   102 3   104 1   105 8   113 1   116 2   118 1   119 2   
34  50     3 2   5 2   8 1   12 2   19 4   22 4   24 2   29 4   31 8   37 2   46 2   47 8   49 1   51 1   53 4   54 2   57 2   58 1   59 4   66 1   70 8   71 1   72 5   77 2   80 2   82 6   92 8   93 1   100 4   102 2   104 1   106 2   107 2   111 2   
5  16     1 1   12 3   23 5   100 12   103 8   
29  45     2 8   3 6   9 2   10 2   18 8   24 2   27 1   29 8   30 1   31 10   32 3   33 1   37 8   42 2   49 8   53 4   57 8   61 5   63 1   83 8   86 8   88 4   91 2   94 1   105 1   106 8   116 1   117 9   119 8   
34  50     0 1   4 4   6 8   9 2   10 1   14 1   16 2   18 4   19 8   28 1   35 4   37 12   38 2   39 8   41 1   47 8   50 8   52 2   57 2   59 2   62 2   64 8   68 8   70 3   71 2   72 8   82 1   87 12   92 8   93 1   97 8   105 2   108 8   115 6   
36  44     0 2   1 4   2 1   10 8   17 10   18 8   20 8   26 2   28 10   29 1   40 3   49 6   50 1   51 2   56 1   57 4   61 4   64 2   66 4   75 3   77 8   80 8   81 2   82 4   84 1   87 8   93 1   96 8   98 8   103 2   104 2   110 12   111 8   112 2   114 1   115 4   
27  43     1 10   6 8   19 2   20 1   22 1   23 2   29 1   35 2   37 1   40 6   46 8   51 4   52 10   58 4   64 6   66 4   77 7   86 1   87 3   92 1   95 8   97 1   100 1   103 1   108 1   112 3   114 2   
38  53     5 1   8 8   9 2   10 2   14 4   20 8   22 4   23 4   31 8   32 2   34 4   38 1   40 1   44 1   48 8   51 4   52 2   53 10   65 2   67 5   71 6   76 4   81 8   91 8   92 4   94 2   96 1   98 9   99 1   100 1   102 8   104 1   106 10   107 1   111 1   117 1   118 1   119 8   
