row_number
60
col_number
120
rank
49
ary
16
*****1's_location/per_row****
0   8   9   10  17   4  36   11  44   6  72   15  86   14  96   12  108   8  
1   8   10   10  18   4  37   11  45   6  73   15  87   14  97   12  109   8  
2   8   11   10  19   4  38   11  46   6  74   15  88   14  98   12  110   8  
3   8   12   10  20   4  47   6  52   11  60   15  89   14  99   12  111   8  
4   8   13   10  21   4  48   6  53   11  61   15  75   14  100   12  112   8  
5   8   14   10  22   4  54   11  55   6  62   15  76   14  101   12  113   8  
6   8   0   10  23   4  49   11  56   6  63   15  77   14  102   12  114   8  
7   8   1   10  24   4  50   11  57   6  64   15  78   14  103   12  115   8  
8   8   2   10  25   4  29   11  58   6  65   15  79   14  104   12  116   8  
9   8   3   10  26   4  30   11  59   6  66   15  80   14  90   12  117   8  
10   8   4   10  27   4  31   11  39   6  67   15  81   14  91   12  118   8  
11   8   5   10  28   4  32   11  40   6  68   15  82   14  92   12  119   8  
12   8   6   10  33   11  41   6  51   4  69   15  83   14  93   12  105   8  
13   8   7   10  15   4  34   11  42   6  70   15  84   14  94   12  106   8  
14   8   8   10  16   4  35   11  43   6  71   15  85   14  95   12  107   8  
15   8   13   13  24   10  31   4  46   11  65   6  87   15  101   14  111   12  
16   8   14   13  25   10  32   4  47   11  66   6  88   15  102   14  112   12  
17   8   0   13  26   10  33   4  48   11  67   6  89   15  103   14  113   12  
18   8   1   13  27   10  34   4  55   11  68   6  75   15  104   14  114   12  
19   8   2   13  28   10  35   4  56   11  69   6  76   15  90   14  115   12  
20   8   3   13  36   4  51   10  57   11  70   6  77   15  91   14  116   12  
21   8   4   13  15   10  37   4  58   11  71   6  78   15  92   14  117   12  
22   8   5   13  16   10  38   4  59   11  72   6  79   15  93   14  118   12  
23   8   6   13  17   10  39   11  52   4  73   6  80   15  94   14  119   12  
24   8   7   13  18   10  40   11  53   4  74   6  81   15  95   14  105   12  
25   8   8   13  19   10  41   11  54   4  60   6  82   15  96   14  106   12  
26   8   9   13  20   10  42   11  49   4  61   6  83   15  97   14  107   12  
27   8   10   13  21   10  43   11  50   4  62   6  84   15  98   14  108   12  
28   8   11   13  22   10  29   4  44   11  63   6  85   15  99   14  109   12  
29   8   12   13  23   10  30   4  45   11  64   6  86   15  100   14  110   12  
30   8   10   7  28   13  38   10  41   4  67   11  80   6  102   15  116   14  
31   8   11   7  42   4  51   13  52   10  68   11  81   6  103   15  117   14  
32   8   12   7  15   13  43   4  53   10  69   11  82   6  104   15  118   14  
33   8   13   7  16   13  44   4  54   10  70   11  83   6  90   15  119   14  
34   8   14   7  17   13  45   4  49   10  71   11  84   6  91   15  105   14  
35   8   0   7  18   13  46   4  50   10  72   11  85   6  92   15  106   14  
36   8   1   7  19   13  29   10  47   4  73   11  86   6  93   15  107   14  
37   8   2   7  20   13  30   10  48   4  74   11  87   6  94   15  108   14  
38   8   3   7  21   13  31   10  55   4  60   11  88   6  95   15  109   14  
39   8   4   7  22   13  32   10  56   4  61   11  89   6  96   15  110   14  
40   8   5   7  23   13  33   10  57   4  62   11  75   6  97   15  111   14  
41   8   6   7  24   13  34   10  58   4  63   11  76   6  98   15  112   14  
42   8   7   7  25   13  35   10  59   4  64   11  77   6  99   15  113   14  
43   8   8   7  26   13  36   10  39   4  65   11  78   6  100   15  114   14  
44   8   9   7  27   13  37   10  40   4  66   11  79   6  101   15  115   14  
45   8   1   2  25   7  48   10  49   13  62   4  82   11  95   6  117   15  
46   8   2   2  26   7  50   13  55   10  63   4  83   11  96   6  118   15  
47   8   3   2  27   7  29   13  56   10  64   4  84   11  97   6  119   15  
48   8   4   2  28   7  30   13  57   10  65   4  85   11  98   6  105   15  
49   8   5   2  31   13  51   7  58   10  66   4  86   11  99   6  106   15  
50   8   6   2  15   7  32   13  59   10  67   4  87   11  100   6  107   15  
51   8   7   2  16   7  33   13  39   10  68   4  88   11  101   6  108   15  
52   8   8   2  17   7  34   13  40   10  69   4  89   11  102   6  109   15  
53   8   9   2  18   7  35   13  41   10  70   4  75   11  103   6  110   15  
54   8   10   2  19   7  36   13  42   10  71   4  76   11  104   6  111   15  
55   8   11   2  20   7  37   13  43   10  72   4  77   11  90   6  112   15  
56   8   12   2  21   7  38   13  44   10  73   4  78   11  91   6  113   15  
57   8   13   2  22   7  45   10  52   13  74   4  79   11  92   6  114   15  
58   8   14   2  23   7  46   10  53   13  60   4  80   11  93   6  115   15  
59   8   0   2  24   7  47   10  54   13  61   4  81   11  94   6  116   15  
*****1's_location/per_row****
0   34   0   1  49   13  50   9  51   9  53   14  56   14  57   15  58   13  61   2  64   3  65   6  66   12  67   11  75   1  76   2  77   4  79   3  80   6  81   12  83   5  92   4  93   8  96   12  97   11  100   7  102   15  103   13  106   2  108   8  110   6  111   12  115   7  116   14  118   13  
1   38   1   1  49   15  51   13  53   7  54   14  55   10  56   7  57   14  62   2  64   8  66   6  69   5  70   10  71   7  74   13  76   1  80   3  81   6  84   5  88   15  92   2  97   12  99   5  101   7  102   14  103   15  104   13  107   2  109   8  111   6  112   12  113   11  114   5  115   10  116   7  117   14  118   15  119   13  
2   42   2   1  50   15  51   15  52   5  53   10  55   5  57   7  59   15  60   13  61   9  62   1  63   2  65   8  69   11  70   5  71   10  74   15  76   9  77   1  78   2  79   4  83   12  84   11  85   5  87   7  88   14  90   13  91   9  93   2  94   4  95   8  96   3  97   6  98   12  100   5  103   14  104   15  109   4  112   6  114   11  115   5  119   15  
3   36   3   1  49   7  50   14  51   14  54   10  57   10  60   15  62   9  63   1  64   2  65   4  68   6  71   5  73   7  74   14  75   15  77   9  81   8  82   3  83   6  84   12  89   14  93   1  97   3  98   6  103   7  104   14  105   15  106   13  108   1  109   2  111   8  112   3  115   11  117   10  119   14  
4   36   4   1  51   7  53   11  55   12  56   11  59   7  60   14  61   15  63   9  66   4  67   8  68   3  70   12  71   11  72   5  75   14  76   15  77   13  83   3  84   6  85   12  88   10  90   14  92   13  93   9  102   5  104   7  105   14  106   15  107   13  109   1  110   2  112   8  114   6  115   12  116   11  
5   32   5   1  49   5  51   10  52   6  53   12  58   5  61   14  66   2  67   4  68   8  69   3  72   11  74   10  75   7  80   1  82   4  87   11  88   5  91   14  93   13  97   4  98   8  101   12  105   7  107   15  108   13  110   1  112   4  114   3  116   12  117   11  119   10  
6   32   6   1  49   11  50   5  51   5  52   3  55   3  56   6  58   11  60   10  61   7  68   4  70   3  72   12  73   11  74   5  78   15  79   13  82   2  84   8  87   12  91   7  92   14  95   9  96   1  97   2  98   4  99   8  106   7  110   9  111   1  115   3  116   6  
7   36   7   1  49   12  51   11  55   8  57   6  58   12  60   5  61   10  62   7  64   15  65   13  67   1  68   2  70   8  73   12  77   7  78   14  79   15  80   13  82   1  83   2  85   8  94   15  96   9  97   1  100   8  102   6  107   7  111   9  112   1  113   2  114   4  115   8  116   3  117   6  118   12  
8   36   8   1  49   6  50   12  51   12  52   4  53   8  54   3  55   4  63   7  65   15  66   13  67   9  68   1  71   8  72   3  76   5  80   15  82   9  86   8  87   3  88   6  89   12  91   5  94   14  96   13  98   1  101   8  102   3  103   6  105   11  109   14  110   15  112   9  114   2  115   4  119   12  
9   34   9   1  51   6  54   8  55   2  58   3  59   6  65   14  66   15  70   2  71   4  72   8  73   3  74   6  75   12  78   10  81   15  82   13  83   9  87   8  89   6  93   10  94   7  95   14  97   13  98   9  103   3  104   6  105   12  106   11  110   14  111   15  114   1  116   4  118   3  
10   34   10   1  51   3  52   1  53   2  54   4  57   4  58   8  59   3  60   6  62   11  64   10  67   15  72   4  77   11  78   5  79   10  80   7  83   13  85   1  86   2  87   4  89   3  95   7  96   14  97   15  99   9  101   2  103   8  104   3  105   6  107   11  113   13  114   9  117   4  
11   36   11   1  51   8  52   9  56   1  57   2  59   8  61   6  62   12  63   11  64   5  65   10  66   7  68   15  71   1  74   8  76   6  77   12  79   5  81   7  82   14  85   9  89   8  94   5  96   7  100   9  101   1  102   2  103   4  104   8  105   3  108   11  111   7  112   14  113   15  118   4  119   8  
12   30   12   1  49   2  51   4  52   13  54   1  56   9  60   8  63   12  65   5  67   7  69   15  71   9  72   1  73   2  74   4  76   3  83   14  84   15  85   13  87   1  88   2  89   4  94   11  95   5  98   14  102   1  104   4  109   11  111   10  115   13  
13   44   13   1  50   2  51   2  52   15  54   9  55   15  56   13  57   9  58   1  59   2  60   4  62   3  64   12  66   5  67   10  68   7  69   14  70   15  73   1  75   4  76   8  77   3  78   6  79   12  81   5  82   10  83   7  85   15  86   13  87   9  90   4  91   8  94   12  97   10  99   14  102   9  103   1  105   4  108   6  109   12  112   10  113   7  117   9  118   1  
14   34   14   1  50   1  51   1  59   1  63   3  66   11  67   5  69   7  71   15  72   13  73   9  75   2  76   4  77   8  81   11  84   7  85   14  87   13  90   2  93   3  94   6  96   11  98   10  99   7  100   14  101   15  104   1  108   3  111   11  112   5  114   7  116   15  117   13  118   9  
15   40   15   1  49   13  51   9  52   7  53   14  54   15  55   7  56   14  58   13  59   9  61   2  62   4  67   11  69   10  72   15  74   9  76   2  78   8  79   3  81   12  82   11  83   5  84   10  87   15  88   13  89   9  91   2  94   3  95   6  96   12  97   11  102   15  105   1  108   8  109   3  110   6  113   5  116   14  117   15  118   13  
16   34   16   1  50   13  51   13  52   10  58   15  59   13  60   9  63   4  64   8  66   6  68   11  70   10  71   7  74   13  76   1  78   4  79   8  83   11  86   7  87   14  90   9  92   2  94   8  95   3  96   6  101   7  105   9  109   8  110   3  112   12  113   11  115   10  117   14  118   15  
17   42   17   1  49   14  50   15  51   15  56   10  57   7  58   14  59   15  60   13  64   4  66   3  67   6  68   12  69   11  70   5  71   10  73   14  74   15  75   13  77   1  78   2  81   3  82   6  83   12  84   11  85   5  86   10  87   7  90   13  92   1  94   4  97   6  99   11  101   10  102   7  103   14  108   2  109   4  112   6  114   11  117   7  118   14  
18   36   18   1  49   7  51   14  53   5  56   5  59   14  60   15  66   8  67   3  69   12  71   5  73   7  75   15  76   13  80   4  81   8  84   12  87   10  90   15  92   9  94   2  96   8  98   6  99   12  100   11  101   5  102   10  104   14  106   13  108   1  111   8  112   3  115   11  116   5  117   10  118   7  
19   44   19   1  49   10  50   7  51   7  52   12  53   11  56   11  58   10  61   15  62   13  64   1  66   4  67   8  68   3  70   12  71   11  72   5  73   10  75   14  78   9  80   2  81   4  84   6  86   11  87   5  89   7  91   15  93   9  94   1  95   2  98   3  99   6  100   12  102   5  105   14  106   15  107   13  109   1  111   4  114   6  115   12  116   11  117   5  118   10  
20   40   20   1  49   5  51   10  54   11  55   6  56   12  57   11  58   5  62   15  63   13  64   9  70   6  72   11  73   5  75   7  76   14  77   15  78   13  79   9  81   2  85   6  87   11  93   13  95   1  96   2  98   8  100   6  101   12  102   11  103   5  106   14  107   15  108   13  110   1  112   4  113   8  114   3  116   12  117   11  119   10  
21   38   21   1  50   5  51   5  52   3  53   6  54   12  55   3  57   12  61   7  62   14  63   15  64   13  65   9  67   2  69   8  71   6  72   12  73   11  77   14  80   9  81   1  83   4  84   8  86   6  87   12  89   5  91   7  95   9  99   8  101   6  103   11  104   5  107   14  110   9  111   1  114   8  115   3  116   6  
22   36   22   1  50   11  51   11  54   6  55   8  59   11  62   7  63   14  66   9  67   1  69   4  71   3  72   6  73   12  75   5  77   7  81   9  84   4  85   8  87   6  90   5  93   14  94   15  96   9  98   2  99   4  100   8  104   11  108   14  111   9  112   1  113   2  114   4  116   3  117   6  118   12  
23   32   23   1  50   12  51   12  53   8  57   3  58   6  61   5  63   7  64   14  65   15  66   13  67   9  75   11  76   5  79   14  80   15  81   13  83   1  92   10  93   7  96   13  97   9  100   4  103   6  106   5  108   7  110   15  111   13  114   2  115   4  116   8  118   6  
24   36   24   1  49   3  50   6  51   6  53   4  54   8  55   2  56   4  62   5  66   15  69   1  70   2  71   4  74   6  76   11  78   10  80   14  81   15  84   1  88   3  92   5  97   13  99   1  101   4  102   8  104   6  107   5  109   7  111   15  112   13  113   9  114   1  116   4  117   8  118   3  119   6  
25   34   25   1  51   3  53   2  54   4  55   1  57   4  58   8  59   3  60   6  63   5  64   10  65   7  68   13  69   9  72   4  74   3  78   5  79   10  81   14  85   1  88   8  89   3  90   6  92   11  94   10  99   9  100   1  103   8  105   6  108   5  110   7  112   15  117   4  119   3  
26   38   26   1  51   8  52   9  53   1  57   2  59   8  60   3  61   6  62   12  65   10  69   13  70   9  71   1  74   8  76   6  77   12  78   11  79   5  84   13  85   9  87   2  88   4  90   3  91   6  93   11  94   5  95   10  97   14  98   15  100   9  103   4  104   8  109   5  112   14  114   13  115   9  118   4  119   8  
27   34   27   1  49   2  51   4  52   13  56   9  57   1  60   8  61   3  63   12  64   11  70   13  72   1  73   2  74   4  75   8  76   3  79   11  82   7  84   15  87   1  91   3  92   6  95   5  96   10  97   7  99   15  103   2  104   4  106   3  110   5  111   10  112   7  114   15  116   9  
28   48   28   1  49   1  50   2  51   2  52   15  54   9  55   15  56   13  57   9  59   2  60   4  64   12  65   11  67   10  69   14  71   13  72   9  73   1  77   3  78   6  79   12  80   11  81   5  82   10  84   14  85   15  87   9  89   2  90   4  91   8  92   3  93   6  94   12  95   11  98   7  100   15  102   9  104   2  105   4  107   3  108   6  109   12  110   11  111   5  112   10  115   15  116   13  118   1  
29   36   29   1  50   9  52   7  54   15  61   2  62   4  64   3  65   6  68   5  70   7  71   14  72   15  76   2  77   4  79   3  81   12  83   5  84   10  87   15  89   9  91   2  92   4  93   8  95   6  96   12  97   11  98   5  99   10  105   1  108   8  109   3  110   6  114   10  115   7  116   14  117   15  
30   36   30   1  49   15  50   13  52   10  53   7  54   14  61   1  63   4  64   8  66   6  68   11  69   5  70   10  73   15  75   9  76   1  78   4  79   8  80   3  81   6  82   12  83   11  85   10  87   14  88   15  89   13  91   1  94   8  95   3  100   10  105   9  106   1  108   4  111   6  114   5  118   15  
31   32   31   1  49   14  52   5  53   10  61   9  67   6  68   12  69   11  72   7  74   15  75   13  80   8  82   6  86   10  87   7  88   14  91   9  93   2  97   6  98   12  99   11  101   10  105   13  106   9  107   1  108   2  110   8  112   6  114   11  116   10  117   7  119   15  
32   32   32   1  50   14  53   5  54   10  60   15  62   9  68   6  69   12  70   11  73   7  76   13  81   8  83   6  87   10  88   7  89   14  92   9  94   2  98   6  99   12  100   11  102   10  105   15  106   13  107   9  108   1  109   2  111   8  113   6  115   11  117   10  118   7  
33   36   33   1  49   10  50   7  52   12  62   13  63   9  64   1  65   2  68   3  69   6  72   5  74   7  75   14  76   15  79   1  81   4  82   8  83   3  87   5  88   10  91   15  92   13  96   4  97   8  98   3  100   12  101   11  103   10  105   14  106   15  107   13  112   8  115   12  117   5  118   10  119   7  
34   36   34   1  52   6  53   12  54   11  60   7  61   14  62   15  63   13  66   2  68   8  69   3  71   12  72   11  73   5  79   9  80   1  81   2  82   4  87   11  88   5  91   14  95   1  96   2  101   12  102   11  104   10  106   14  107   15  109   9  110   1  113   8  114   3  115   6  117   11  118   5  119   10  
35   36   35   1  49   11  53   6  54   12  61   7  62   14  63   15  64   13  67   2  69   8  70   3  72   12  73   11  74   5  80   9  81   1  82   2  83   4  88   11  89   5  90   10  92   14  96   1  97   2  102   12  103   11  105   10  107   14  108   15  110   9  111   1  114   8  115   3  116   6  118   11  119   5  
36   36   36   1  49   12  50   11  54   6  60   5  62   7  63   14  64   15  65   13  68   2  70   8  71   3  73   12  74   11  75   5  81   9  82   1  83   2  84   4  89   11  91   10  93   14  97   1  98   2  103   12  104   11  105   5  106   10  108   14  109   15  111   9  112   1  115   8  116   3  117   6  119   11  
37   36   37   1  49   6  52   4  54   3  60   11  62   10  63   7  66   13  68   1  69   2  70   4  74   12  75   11  77   10  79   14  81   13  82   9  85   4  87   3  89   12  90   11  91   5  93   7  94   14  95   15  96   13  97   9  104   12  106   5  107   10  108   7  112   9  113   1  114   2  115   4  118   6  
38   36   38   1  49   3  50   6  53   4  60   12  61   11  63   10  64   7  67   13  69   1  70   2  71   4  75   12  76   11  78   10  80   14  82   13  83   9  86   4  88   3  90   12  91   11  92   5  94   7  95   14  96   15  97   13  98   9  107   5  108   10  109   7  113   9  114   1  115   2  116   4  119   6  
39   40   39   1  55   7  57   15  59   9  61   2  64   3  66   12  67   11  69   10  71   14  72   15  73   13  75   1  77   4  79   3  80   6  81   12  83   5  85   7  86   14  90   1  91   2  95   6  96   12  98   5  101   14  102   15  103   13  106   2  108   8  109   3  110   6  111   12  112   11  114   10  115   7  116   14  117   15  118   13  119   9  
40   40   40   1  55   10  56   7  57   14  58   15  59   13  61   1  62   2  64   8  65   3  66   6  68   11  69   5  70   10  71   7  74   13  75   9  76   1  77   2  78   4  79   8  82   12  83   11  84   5  85   10  87   14  90   9  92   2  95   3  97   12  98   11  99   5  101   7  104   13  105   9  106   1  107   2  108   4  113   11  114   5  
41   32   41   1  55   5  56   10  58   14  60   13  61   9  62   1  63   2  64   4  65   8  70   5  73   14  75   13  76   9  78   2  81   3  84   11  88   14  93   2  95   8  99   11  100   5  101   10  103   14  107   1  110   8  111   3  112   6  116   10  117   7  118   14  119   15  
42   32   42   1  56   5  57   10  59   14  61   13  62   9  63   1  64   2  65   4  66   8  71   5  74   14  76   13  77   9  79   2  82   3  85   11  89   14  94   2  96   8  100   11  101   5  102   10  104   14  105   15  108   1  111   8  112   3  113   6  117   10  118   7  119   14  
43   28   43   1  55   12  58   10  59   7  60   14  61   15  62   13  63   9  65   2  69   6  71   11  73   10  78   9  79   1  81   4  85   12  91   15  96   4  97   8  98   3  105   14  108   9  110   2  111   4  113   3  115   12  116   11  117   5  
44   32   44   1  55   6  56   12  57   11  62   15  63   13  67   4  69   3  70   6  71   12  73   5  74   10  75   7  77   15  81   2  82   4  83   8  85   6  90   7  91   14  92   15  95   1  96   2  97   4  99   3  101   12  102   11  103   5  108   13  110   1  115   6  119   10  
45   32   45   1  56   6  57   12  58   11  60   10  63   15  64   13  68   4  70   3  71   6  72   12  74   5  76   7  78   15  82   2  83   4  84   8  86   6  91   7  92   14  93   15  96   1  97   2  98   4  100   3  102   12  103   11  104   5  105   10  109   13  111   1  116   6  
46   32   46   1  57   6  58   12  59   11  60   5  61   10  64   15  65   13  69   4  71   3  72   6  73   12  77   7  79   15  83   2  84   4  85   8  87   6  90   5  92   7  93   14  94   15  97   1  98   2  99   4  101   3  103   12  104   11  106   10  110   13  112   1  117   6  
47   40   47   1  55   4  57   3  58   6  62   10  64   14  65   15  67   9  69   2  70   4  71   8  74   12  75   11  77   10  78   7  79   14  81   13  83   1  84   2  88   6  93   7  94   14  96   13  99   2  100   4  101   8  103   6  104   12  106   5  107   10  108   7  109   14  110   15  112   9  113   1  114   2  115   4  116   8  117   3  119   12  
48   40   48   1  56   4  58   3  59   6  60   12  63   10  65   14  66   15  68   9  70   2  71   4  72   8  76   11  78   10  79   7  80   14  82   13  84   1  85   2  89   6  90   12  94   7  95   14  97   13  100   2  101   4  102   8  104   6  105   12  107   5  108   10  109   7  110   14  111   15  113   9  114   1  115   2  116   4  117   8  118   3  
