***MappingChart***
number_of_signal
64
length_of_signal
6
Coordinate
-1  -1  -1  -1  -1  -1  
1  -1  -1  -1  -1  -1  
-1  1  -1  -1  -1  -1  
1  1  -1  -1  -1  -1  
-1  -1  1  -1  -1  -1  
1  -1  1  -1  -1  -1  
-1  1  1  -1  -1  -1  
1  1  1  -1  -1  -1  
-1  -1  -1  1  -1  -1  
1  -1  -1  1  -1  -1  
-1  1  -1  1  -1  -1  
1  1  -1  1  -1  -1  
-1  -1  1  1  -1  -1  
1  -1  1  1  -1  -1  
-1  1  1  1  -1  -1  
1  1  1  1  -1  -1  
-1  -1  -1  -1  1  -1  
1  -1  -1  -1  1  -1  
-1  1  -1  -1  1  -1  
1  1  -1  -1  1  -1  
-1  -1  1  -1  1  -1  
1  -1  1  -1  1  -1  
-1  1  1  -1  1  -1  
1  1  1  -1  1  -1  
-1  -1  -1  1  1  -1  
1  -1  -1  1  1  -1  
-1  1  -1  1  1  -1  
1  1  -1  1  1  -1  
-1  -1  1  1  1  -1  
1  -1  1  1  1  -1  
-1  1  1  1  1  -1  
1  1  1  1  1  -1  
-1  -1  -1  -1  -1  1  
1  -1  -1  -1  -1  1  
-1  1  -1  -1  -1  1  
1  1  -1  -1  -1  1  
-1  -1  1  -1  -1  1  
1  -1  1  -1  -1  1  
-1  1  1  -1  -1  1  
1  1  1  -1  -1  1  
-1  -1  -1  1  -1  1  
1  -1  -1  1  -1  1  
-1  1  -1  1  -1  1  
1  1  -1  1  -1  1  
-1  -1  1  1  -1  1  
1  -1  1  1  -1  1  
-1  1  1  1  -1  1  
1  1  1  1  -1  1  
-1  -1  -1  -1  1  1  
1  -1  -1  -1  1  1  
-1  1  -1  -1  1  1  
1  1  -1  -1  1  1  
-1  -1  1  -1  1  1  
1  -1  1  -1  1  1  
-1  1  1  -1  1  1  
1  1  1  -1  1  1  
-1  -1  -1  1  1  1  
1  -1  -1  1  1  1  
-1  1  -1  1  1  1  
1  1  -1  1  1  1  
-1  -1  1  1  1  1  
1  -1  1  1  1  1  
-1  1  1  1  1  1  
1  1  1  1  1  1  
 

min_distance
2.1  
restricted_region_raduis
3.1
Norm
6
Hx
6.0
