RowNumber****ColNum******Rank
1024   2048    1024
1's_location_per_row
0  6     0  342  687  1032  1370  1722  
1  6     1  343  688  1033  1371  1723  
2  6     2  344  689  1034  1372  1680  
3  6     3  345  690  1035  1373  1724  
4  6     4  346  691  1036  1374  1725  
5  6     5  347  692  1037  1375  1726  
6  6     6  348  693  1038  1376  1727  
7  6     7  349  694  1039  1377  1728  
8  6     8  350  695  1040  1378  1729  
9  6     9  351  696  1041  1358  1730  
10  6     10  352  697  1042  1379  1731  
11  6     11  353  698  1043  1380  1732  
12  6     12  354  699  1044  1381  1733  
13  6     13  355  700  1045  1382  1734  
14  6     14  356  701  1046  1383  1735  
15  6     15  357  702  1047  1384  1736  
16  6     16  358  703  1048  1385  1737  
17  6     17  359  704  1049  1386  1738  
18  6     12  360  705  1050  1387  1739  
19  6     18  361  705  1051  1388  1740  
20  6     19  362  706  1052  1389  1741  
21  6     20  363  707  1053  1390  1742  
22  6     21  364  708  1054  1391  1743  
23  6     22  365  709  1055  1392  1744  
24  6     23  366  710  1056  1393  1745  
25  6     24  367  711  1057  1394  1746  
26  6     25  368  712  1058  1395  1747  
27  6     26  369  713  1059  1396  1748  
28  6     27  370  714  1060  1397  1749  
29  6     28  371  715  1061  1398  1750  
30  6     29  372  716  1062  1399  1751  
31  6     18  373  717  1063  1400  1752  
32  6     30  374  718  1058  1401  1753  
33  6     31  370  719  1064  1402  1754  
34  6     32  375  720  1065  1403  1755  
35  6     32  376  721  1030  1404  1756  
36  6     33  377  722  1066  1405  1757  
37  6     1  378  723  1067  1406  1758  
38  6     34  379  724  1068  1407  1759  
39  6     35  380  725  1052  1387  1760  
40  6     36  381  726  916  1408  1747  
41  6     37  382  727  1050  1409  1761  
42  6     38  380  728  1069  1410  1762  
43  6     39  383  729  1070  1411  1763  
44  6     40  384  730  1071  1412  1764  
45  6     41  385  731  1072  1413  1765  
46  6     42  386  732  1073  1414  1766  
47  6     43  387  733  1074  1415  1767  
48  6     44  388  734  1075  1416  1768  
49  6     45  389  735  1076  1417  1769  
50  6     9  390  736  1077  1418  1770  
51  6     28  391  737  1078  1419  1771  
52  6     46  392  738  1079  1420  1772  
53  6     32  393  739  1080  1421  1773  
54  6     47  394  740  1081  1391  1715  
55  6     48  395  741  1082  1422  1774  
56  6     49  396  742  1083  1423  1775  
57  6     50  397  743  1084  1424  1776  
58  6     51  373  744  1085  1425  1777  
59  6     52  398  745  1056  1426  1778  
60  6     53  399  746  1086  1427  1779  
61  6     54  400  747  1051  1428  1780  
62  6     42  401  716  1087  1429  1781  
63  6     55  342  748  1088  1430  1782  
64  6     56  402  749  1064  1431  1684  
65  6     57  383  750  1089  1432  1783  
66  6     46  403  751  1090  1433  1784  
67  6     58  404  752  1091  1434  1785  
68  6     59  405  753  1092  1435  1786  
69  6     60  406  690  1093  1436  1787  
70  6     61  407  709  1094  1412  1788  
71  6     62  408  754  1095  1437  1789  
72  6     63  409  720  1096  1438  1790  
73  6     27  410  755  1097  1439  1791  
74  6     64  411  756  1071  1440  1792  
75  6     65  412  757  1098  1441  1793  
76  6     66  360  758  1099  1442  1794  
77  6     67  413  759  1100  1388  1618  
78  6     68  414  760  1095  1443  1795  
79  6     69  415  761  1101  1444  1796  
80  6     70  416  762  1102  1445  1797  
81  6     71  417  763  1103  1371  1798  
82  6     72  418  764  1104  1446  1799  
83  6     73  419  765  1105  1447  1800  
84  6     74  420  766  1106  1448  1801  
85  6     75  421  767  1107  1391  1802  
86  6     76  422  768  1108  1449  1756  
87  6     77  423  769  1109  1440  1803  
88  6     78  424  770  1110  1390  1804  
89  6     79  425  749  1111  1450  1784  
90  6     80  426  771  1112  1451  1805  
91  6     81  348  772  1113  1452  1726  
92  6     82  385  773  1114  1453  1742  
93  6     83  427  774  1115  1405  1806  
94  6     84  428  775  1116  1408  1807  
95  6     85  408  776  1117  1409  1808  
96  6     86  429  777  1118  1454  1809  
97  6     87  377  778  1119  1455  1810  
98  6     88  430  779  1120  1456  1811  
99  6     89  404  780  1121  1397  1812  
100  6     90  431  781  1122  1425  1813  
101  6     91  432  782  1123  1457  1776  
102  6     88  433  783  1040  1458  1814  
103  6     61  434  784  1124  1459  1787  
104  6     92  435  785  1125  1460  1815  
105  6     76  436  786  1126  1461  1816  
106  6     93  437  725  1127  1368  1817  
107  6     94  438  787  1128  1462  1818  
108  6     38  439  788  1129  1463  1819  
109  6     95  440  696  1130  1464  1820  
110  6     96  412  789  1131  1422  1438  
111  6     41  441  790  1035  1465  1821  
112  6     96  391  791  1132  1466  1822  
113  6     97  428  792  1133  1369  1823  
114  6     98  442  712  1070  1467  1824  
115  6     99  412  748  1066  1468  1798  
116  6     100  443  767  1134  1443  1803  
117  6     101  444  793  1094  1469  1825  
118  6     102  445  794  1135  1451  1826  
119  6     91  446  795  1136  1470  1827  
120  6     103  447  689  1137  1471  1828  
121  6     104  448  796  1087  1472  1829  
122  6     86  449  797  1133  1473  1830  
123  6     105  450  751  1026  1474  1831  
124  6     106  421  698  1138  1475  1832  
125  6     107  367  797  1096  1435  1833  
126  6     108  451  798  1139  1476  1834  
127  6     109  452  799  1140  1477  1835  
128  6     110  377  800  1141  1398  1836  
129  6     111  453  746  1052  1478  1837  
130  6     112  343  801  1126  1479  1699  
131  6     113  454  802  1142  1480  1838  
132  6     114  455  803  1143  1442  1839  
133  6     115  398  804  1144  1481  1840  
134  6     116  456  693  1145  1477  1841  
135  6     117  457  750  1146  1482  1842  
136  6     118  387  805  1147  1355  1843  
137  6     119  458  727  1148  1483  1842  
138  6     120  459  806  1149  1420  1752  
139  6     121  460  761  1150  1419  1844  
140  6     122  446  807  1151  1484  1725  
141  6     55  461  808  1152  1485  1845  
142  6     123  453  755  1153  1486  1805  
143  6     20  462  809  1129  1487  1846  
144  6     124  420  712  1154  1488  1847  
145  6     125  463  810  1155  1489  1848  
146  6     126  464  734  1028  1417  1746  
147  6     127  465  811  1156  1490  1849  
148  6     128  466  812  1157  1491  1850  
149  6     129  347  813  1158  1492  1851  
150  6     130  467  814  1159  1493  1852  
151  6     131  468  815  1160  1494  1853  
152  6     132  424  816  1161  1495  1694  
153  6     133  440  817  995  1411  1813  
154  6     79  469  818  1162  1496  1854  
155  6     134  456  798  1135  1497  1855  
156  6     135  470  819  1053  1498  1856  
157  6     136  471  820  1163  1416  1727  
158  6     137  431  821  1061  1499  1857  
159  6     31  349  822  1164  1500  1858  
160  6     21  472  701  1165  1501  1859  
161  6     138  473  823  1114  1502  1847  
162  6     139  474  824  1166  1497  1860  
163  6     140  475  825  1167  1362  1861  
164  6     19  476  826  1168  1503  1850  
165  6     110  477  827  1107  1504  1862  
166  6     141  478  828  1169  1505  1863  
167  6     142  479  829  1170  1506  1722  
168  6     139  480  830  1171  1432  1864  
169  6     143  419  823  1172  1401  1865  
170  6     144  481  724  1173  1394  1846  
171  6     145  366  831  1174  1507  1866  
172  6     146  482  832  1175  1371  1867  
173  6     147  483  701  1176  1436  1868  
174  6     148  423  745  1177  1508  1869  
175  6     149  484  833  1178  1509  1842  
176  6     150  485  834  1179  1487  1816  
177  6     151  486  835  1180  1510  1771  
178  6     17  487  836  1138  1511  1870  
179  6     11  488  837  1181  1441  1871  
180  6     143  404  715  1038  1512  1872  
181  6     152  489  838  1130  1488  1721  
182  6     153  490  839  1182  1446  1805  
183  6     154  363  836  1183  1383  1873  
184  6     155  491  692  1184  1513  1874  
185  6     156  398  723  1185  1514  1875  
186  6     71  395  840  1150  1515  1833  
187  6     20  492  841  1149  1516  1876  
188  6     157  386  834  1068  1517  1728  
189  6     158  493  842  1186  1498  1729  
190  6     159  479  814  1187  1518  1877  
191  6     46  494  843  1126  1519  1878  
192  6     160  374  844  1188  1520  1879  
193  6     161  495  830  1189  1448  1880  
194  6     39  496  845  1190  1521  1812  
195  6     50  497  846  1160  1522  1881  
196  6     162  498  847  1191  1523  1858  
197  6     163  499  848  1138  1404  1708  
198  6     164  433  836  1119  1524  1882  
199  6     165  467  849  1181  1525  1883  
200  6     166  500  850  1151  1526  1884  
201  6     167  501  776  1192  1527  1885  
202  6     168  425  768  993  1528  1886  
203  6     68  502  851  1193  1529  1753  
204  6     169  503  763  1194  1530  1887  
205  6     156  411  852  1195  1496  1810  
206  6     170  504  853  1196  1531  1888  
207  6     99  505  854  1189  1532  1785  
208  6     171  484  855  1197  1533  1889  
209  6     172  506  856  1180  1395  1868  
210  6     173  507  709  1198  1534  1890  
211  6     174  508  852  1187  1535  1797  
212  6     175  509  857  1199  1532  1891  
213  6     176  389  704  1200  1536  1892  
214  6     177  510  858  1201  1537  1893  
215  6     173  511  774  1202  1380  1445  
216  6     117  512  859  1203  1538  1894  
217  6     178  513  860  1204  1539  1895  
218  6     179  514  861  1205  1540  1809  
219  6     180  515  862  1205  1365  1896  
220  6     181  454  863  1206  1495  1859  
221  6     81  516  864  1207  1541  1897  
222  6     94  517  865  1164  1542  1898  
223  6     182  518  866  1208  1543  1899  
224  6     183  519  735  1029  1503  1786  
225  6     184  518  867  1209  1544  1801  
226  6     185  520  749  1105  1545  1900  
227  6     102  358  868  1210  1546  1901  
228  6     186  426  810  1211  1547  1902  
229  6     138  521  792  1212  1437  1903  
230  6     187  522  778  1213  1548  1819  
231  6     177  368  705  1204  1549  1904  
232  6     188  418  713  1214  1550  1905  
233  6     189  523  869  1215  1384  1872  
234  6     189  524  831  1216  1438  1906  
235  6     190  525  870  1217  1509  1823  
236  6     21  526  871  1218  1477  1723  
237  6     191  441  736  1219  1525  1907  
238  6     192  527  872  1172  1551  1908  
239  6     193  528  873  1152  1552  1909  
240  6     95  529  874  1220  1553  1910  
241  6     194  359  875  1065  1554  1911  
242  6     195  530  786  1221  1555  1912  
243  6     196  531  837  1222  1556  1913  
244  6     83  376  876  1223  1557  1876  
245  6     197  532  871  1216  1505  1914  
246  6     148  500  800  1224  1558  1915  
247  6     57  533  877  1113  1559  1757  
248  6     93  534  827  1225  1560  1755  
249  6     198  535  765  1226  1440  1726  
250  6     199  536  843  1112  1429  1899  
251  6     195  474  878  1132  1393  1885  
252  6     200  537  742  1227  1561  1744  
253  6     77  516  879  1193  1562  1811  
254  6     201  488  830  1133  1563  1916  
255  6     202  538  785  1177  1492  1917  
256  6     15  539  824  1228  1564  1787  
257  6     93  540  880  1085  1565  1918  
258  6     203  541  864  1156  1385  1919  
259  6     204  538  881  1229  1566  1696  
260  6     91  542  737  1230  1417  1874  
261  6     205  543  882  1157  1567  1920  
262  6     52  544  849  1047  1057  1857  
263  6     206  545  790  1195  1558  1745  
264  6     159  529  883  1231  1397  1921  
265  6     207  521  884  1053  1568  1922  
266  6     58  397  885  1014  1569  1841  
267  6     101  395  880  1232  1570  1745  
268  6     144  546  744  1160  1571  1923  
269  6     97  547  721  1233  1572  1867  
270  6     208  530  848  1121  1573  1753  
271  6     209  548  886  1234  1513  1706  
272  6     49  549  790  1235  1549  1846  
273  6     210  447  806  1236  1574  1924  
274  6     158  378  887  1237  1410  1815  
275  6     94  550  888  1222  1575  1775  
276  6     69  534  889  1176  1576  1865  
277  6     40  490  728  1210  1528  1925  
278  6     124  352  890  1238  1577  1926  
279  6     211  486  891  1239  1568  1927  
280  6     113  473  892  1231  1457  1680  
281  6     0  424  893  1240  1578  1890  
282  6     212  462  894  1059  1579  1928  
283  6     192  370  820  1241  1580  1750  
284  6     213  551  868  1242  1496  1929  
285  6     119  552  759  1243  1581  1930  
286  6     214  372  687  1244  1546  1822  
287  6     101  341  769  1086  1399  1931  
288  6     215  355  895  1171  1374  1932  
289  6     216  520  710  1245  1582  1933  
290  6     217  475  896  1246  1583  1934  
291  6     62  432  726  1247  1584  1935  
292  6     218  553  859  1248  1514  1936  
293  6     109  554  721  1249  1379  1484  
294  6     219  468  897  1250  1427  1937  
295  6     220  367  898  1170  1585  1898  
296  6     31  555  875  1251  1586  1866  
297  6     221  556  719  1072  1493  1924  
298  6     37  557  788  1125  1587  1938  
299  6     222  483  899  1252  1588  1922  
300  6     223  558  753  1227  1589  1939  
301  6     215  559  794  1253  1534  1751  
302  6     141  560  825  1182  1545  1907  
303  6     224  506  900  1254  1590  1940  
304  6     225  561  901  1114  1485  1920  
305  6     226  562  870  1255  1471  1941  
306  6     153  525  902  1044  1582  1847  
307  6     191  563  744  1256  1591  1942  
308  7     133  512  803  1243  1588  1844  1971  
309  6     227  354  903  1257  1456  1772  
310  6     168  564  904  1258  1535  1943  
311  6     61  565  810  926  1394  1944  
312  6     167  566  905  1098  1592  1755  
313  6     70  567  736  1259  1593  1945  
314  6     228  510  789  1139  1594  1946  
315  6     229  476  839  1186  1510  1898  
316  6     158  568  799  1207  1595  1853  
317  6     78  555  906  1123  1596  1903  
318  6     230  569  731  1260  1426  1865  
319  6     90  411  907  1245  1468  1809  
320  6     73  570  908  1147  1597  1824  
321  6     24  452  791  1035  1598  1766  
322  6     231  484  764  1259  1407  1521  
323  6     178  488  909  1261  1596  1828  
324  6     232  416  910  1262  1594  1749  
325  6     233  556  880  1263  1461  1947  
326  6     234  409  911  1264  1389  1720  
327  6     235  571  912  1225  1599  1948  
328  6     236  464  781  1265  1600  1949  
329  6     237  572  805  949  1560  1950  
330  6     238  573  913  1217  1601  1951  
331  6     239  574  914  1048  1469  1938  
332  6     232  431  718  1151  1409  1917  
333  6     240  356  915  1266  1558  1952  
334  6     241  526  890  1040  1602  1953  
335  6     242  575  849  1249  1423  1749  
336  6     161  381  686  1061  1375  1954  
337  6     243  344  809  1225  1467  1955  
338  6     244  576  804  1116  1548  1685  
339  6     2  519  879  1260  1603  1936  
340  6     41  577  916  1267  1604  1679  
341  6     120  393  917  1268  1550  1916  
342  6     136  392  807  1213  1469  1740  
343  6     218  578  918  1269  1605  1956  
344  6     98  576  919  1245  1606  1957  
345  6     164  579  816  1270  1499  1958  
346  6     245  573  876  1271  1607  1959  
347  6     5  580  913  1148  1608  1737  
348  7     246  581  838  1244  1584  1797  2047  
349  6     247  448  872  1085  1609  1911  
350  7     248  547  920  1234  1476  1770  2041  
351  6     210  582  838  1272  1605  1829  
352  6     135  583  877  1273  1531  1723  
353  6     137  478  867  1274  1378  1960  
354  6     56  584  921  1240  1512  1878  
355  6     249  482  922  1275  1610  1961  
356  6     23  489  923  1045  1611  1962  
357  6     250  401  811  1209  1426  1722  
358  6     51  513  924  1276  1581  1875  
359  6     24  585  925  1058  1612  1963  
360  6     168  586  926  1264  1527  1964  
361  6     251  567  903  1277  1470  1927  
362  6     247  581  818  1024  1405  1965  
363  6     252  587  799  1278  1483  1840  
364  6     57  385  910  1076  1613  1831  
365  6     237  441  826  1088  1547  1940  
366  6     253  588  750  1279  1570  1966  
367  6     103  535  927  1218  1614  1961  
368  6     254  589  928  1188  1418  1826  
369  6     33  590  795  1280  1400  1779  
370  6     190  471  929  1198  1615  1967  
371  6     125  591  892  1197  1606  1892  
372  6     197  403  930  1032  1606  1786  
373  6     137  413  931  1090  1616  1968  
374  6     225  592  681  1281  1449  1969  
375  6     244  485  825  1282  1404  1772  
376  6     98  593  932  1219  1491  1795  
377  6     255  594  933  1283  1595  1789  
378  6     256  460  732  1284  1617  1955  
379  6     257  463  875  1285  1618  1789  
380  6     22  595  896  1120  1557  1778  
381  6     258  596  823  1107  1586  1964  
382  6     247  548  644  1183  1410  1964  
383  6     259  597  848  1286  1381  1856  
384  6     248  486  710  1117  1524  1737  
385  6     260  598  766  1273  1541  1970  
386  6     261  357  773  1287  1513  1716  
387  6     233  451  934  1288  1619  1798  
388  6     18  599  921  1214  1620  1861  
389  6     223  442  878  1223  1434  1652  
390  6     7  549  930  1262  1621  1864  
391  6     262  600  769  1289  1511  1834  
392  6     263  478  761  1031  1561  1966  
393  6     238  601  850  1290  1536  1971  
394  6     213  444  758  1291  1613  1860  
395  6     264  498  935  987  1433  1794  
396  6     183  564  845  1045  1622  1972  
397  6     265  582  800  1146  1614  1871  
398  6     203  458  844  1292  1436  1973  
399  6     215  494  936  1293  1373  1974  
400  6     184  602  937  1294  1508  1795  
401  6     169  455  938  1295  1450  1975  
402  6     220  396  939  1296  1447  1713  
403  6     261  579  842  1048  1623  1962  
404  6     219  603  796  1278  1624  1830  
405  6     266  604  687  1297  1601  1976  
406  6     267  400  839  1269  1494  1967  
407  6     268  584  902  1049  1608  1760  
408  6     269  561  717  960  1625  1977  
409  6     171  518  699  1283  1503  1978  
410  6     270  490  821  1298  1626  1979  
411  6     271  456  940  1292  1627  1970  
412  6     132  605  767  1299  1484  1980  
413  6     45  434  941  1300  1553  1919  
414  6     133  606  743  1257  1628  1962  
415  6     81  607  801  1301  1629  1957  
416  6     272  457  942  1153  1630  1981  
417  6     22  539  943  1302  1450  1820  
418  6     273  608  777  1139  1421  1863  
419  6     197  609  696  1299  1537  1766  
420  6     212  610  752  1206  1631  1982  
421  6     105  611  944  1303  1396  1864  
422  6     188  591  945  1111  1488  1983  
423  6     147  347  946  1067  1632  1984  
424  6     196  481  947  1168  1526  1985  
425  6     155  612  948  1304  1437  1792  
426  6     35  533  946  1305  1393  1811  
427  6     274  499  913  1306  1626  1986  
428  6     275  443  949  1307  1442  1882  
429  6     67  575  927  1308  1633  1987  
430  6     276  613  946  1309  1634  1901  
431  6     129  614  846  1092  1402  1848  
432  6     277  371  928  1268  1635  1988  
433  6     43  369  950  1276  1519  1935  
434  6     278  505  951  1310  1636  1764  
435  6     199  610  835  1102  1522  1730  
436  6     279  615  866  1104  1431  1904  
437  6     280  449  697  1291  1401  1891  
438  6     281  527  952  1282  1629  1830  
439  6     8  525  780  1311  1637  1989  
440  6     282  616  953  1308  1630  1804  
441  6     283  512  954  1154  1499  1818  
442  6     251  617  935  1093  1638  1802  
443  6     180  605  772  1124  1406  1763  
444  6     284  618  955  1185  1604  1876  
445  6     191  515  956  1117  1639  1720  
446  6     219  529  754  1135  1531  1943  
447  6     285  605  957  1312  1539  1990  
448  6     286  619  958  1290  1609  1735  
449  6     271  544  802  1313  1640  1991  
450  6     264  620  782  1314  1627  1951  
451  6     287  621  688  1315  1623  1784  
452  6     163  622  959  1199  1454  1992  
453  6     253  560  816  1039  1641  1843  
454  6     235  622  821  1062  1642  1993  
455  6     288  623  883  1236  1379  1904  
456  6     64  619  787  1316  1433  1814  
457  6     44  355  960  1238  1643  1765  
458  6     276  401  884  1255  1403  1994  
459  6     289  624  842  1281  1644  1916  
460  6     116  437  918  1317  1593  1995  
461  6     246  375  853  1318  1622  1754  
462  6     284  440  961  1092  1645  1838  
463  6     267  585  962  1319  1383  1896  
464  6     290  524  893  1289  1646  1996  
465  6     128  382  923  1141  1590  1976  
466  6     129  513  791  1320  1647  1997  
467  6     35  625  715  1181  1648  1969  
468  6     291  626  901  1240  1555  1748  
469  6     292  596  723  1321  1547  1863  
470  6     234  624  919  1043  1638  1949  
471  6     79  627  963  1142  1635  1998  
472  6     224  579  964  1294  1421  1999  
473  6     26  351  962  1322  1599  2000  
474  6     282  423  739  1148  1376  1947  
475  6     293  628  841  1260  1356  1957  
476  6     7  629  965  1208  1649  1817  
477  6     120  630  966  1060  1650  2001  
478  6     70  631  927  1323  1536  1952  
479  6     294  435  773  1025  1459  2002  
480  6     141  632  714  1109  1642  1732  
481  7     123  552  936  1071  1453  2003  2045  
482  6     169  633  965  1212  1638  2004  
483  6     37  436  888  1269  1506  1999  
484  6     59  545  798  1306  1390  1906  
485  6     295  508  885  1324  1632  1991  
486  6     196  634  707  1030  1535  2005  
487  6     296  633  700  1195  1381  1862  
488  6     204  635  708  1108  1466  1986  
489  6     56  575  967  1325  1644  1862  
490  6     205  438  881  1287  1452  1854  
491  6     297  569  935  1119  1509  2006  
492  6     298  523  692  1156  1372  2007  
493  6     299  406  968  1196  1424  1867  
494  6     300  561  694  1326  1551  1835  
495  6     282  586  908  1252  1651  1739  
496  6     301  410  969  1228  1566  1764  
497  6     229  636  960  1327  1399  1785  
498  6     64  637  970  1285  1629  2004  
499  6     232  468  971  1226  1456  2008  
500  6     72  447  972  1122  1380  2009  
501  6     202  459  940  1162  1652  1762  
502  6     268  477  755  1296  1610  2008  
503  6     43  638  865  1305  1653  1768  
504  6     302  493  912  1095  1474  2010  
505  6     181  639  973  1075  1574  2011  
506  6     303  537  713  1316  1475  1777  
507  6     102  566  925  1120  1654  1949  
508  6     167  491  929  1235  1655  2012  
509  6     85  613  832  1267  1521  1738  
510  6     110  452  974  1209  1550  1921  
511  6     304  635  903  1192  1444  2013  
512  6     305  466  921  1033  1649  1913  
513  6     306  640  871  1328  1457  2014  
514  6     307  629  759  1046  1504  1900  
515  6     144  459  975  1329  1505  1938  
516  6     194  641  775  1082  1556  1837  
517  6     250  564  962  1161  1656  1979  
518  6     308  642  855  1293  1447  2015  
519  6     142  352  976  1230  1498  1987  
520  6     150  643  977  1140  1657  2016  
521  6     182  644  978  1265  1658  1725  
522  6     100  599  854  1220  1659  1736  
523  6     303  508  879  1294  1660  1981  
524  6     118  399  979  1330  1610  1856  
525  6     107  645  922  1331  1603  2017  
526  6     53  434  980  1004  1519  1925  
527  6     309  534  794  1177  1386  1960  
528  6     241  481  981  1214  1515  1734  
529  6     254  388  685  1270  1619  1803  
530  6     209  646  817  1332  1661  1746  
531  6     217  372  780  1207  1617  1828  
532  6     202  647  835  1333  1430  1837  
533  6     60  648  982  1111  1494  2018  
534  6     230  568  730  1059  1662  1775  
535  6     295  603  983  1044  1663  1836  
536  6     207  437  951  1334  1577  1832  
537  6     149  429  923  1316  1592  1742  
538  6     310  570  970  1300  1664  1907  
539  6     161  649  984  1280  1665  1941  
540  6     279  604  785  1263  1665  1953  
541  6     114  471  756  1127  1624  1743  
542  6     58  631  668  1169  1403  1739  
543  6     274  650  822  1131  1666  1773  
544  6     249  506  804  1145  1561  2019  
545  6     296  651  985  1211  1419  1893  
546  6     233  652  883  1224  1527  1977  
547  6     89  357  985  1248  1543  1932  
548  6     262  415  859  1313  1592  1897  
549  6     311  653  986  1077  1508  1984  
550  6     299  654  775  1330  1423  1996  
551  6     270  546  987  1065  1628  1740  
552  6     312  350  815  1335  1533  1717  
553  6     154  414  985  1164  1650  1800  
554  6     121  611  932  1113  1573  2020  
555  6     48  350  988  1297  1452  1928  
556  6     313  632  949  1166  1666  1978  
557  6     242  445  695  1336  1372  1918  
558  6     301  620  933  1083  1415  2021  
559  6     152  612  694  1292  1512  1781  
560  6     314  596  989  1334  1611  1881  
561  6     29  652  989  1166  1388  1892  
562  6     315  645  984  1203  1667  1808  
563  6     106  587  928  1197  1578  1950  
564  6     316  655  739  1328  1377  2022  
565  6     291  414  725  1102  1627  1780  
566  6     77  550  965  1073  1553  2023  
567  6     316  413  731  1337  1668  1851  
568  6     97  403  990  1327  1669  2024  
569  6     99  485  727  1094  1670  1985  
570  6     297  656  885  1125  1671  1714  
571  6     151  607  959  1163  1672  1930  
572  6     124  625  966  1338  1451  1994  
573  6     317  365  991  1339  1673  2010  
574  6     44  649  770  1340  1674  2022  
575  6     242  657  984  1198  1675  1796  
576  6     181  465  748  1341  1572  1910  
577  6     15  559  992  1239  1303  1977  
578  6     240  658  973  1342  1544  1967  
579  6     87  609  926  1253  1596  1970  
580  6     148  594  901  1309  1520  2025  
581  6     139  628  728  1211  1646  2024  
582  6     312  650  957  1079  1530  1788  
583  6     6  659  983  1110  1548  1769  
584  6     318  466  716  1101  1612  1929  
585  6     3  622  758  1264  1575  2014  
586  6     302  625  834  1082  1651  1887  
587  6     208  657  764  1343  1422  1873  
588  6     28  394  993  1344  1676  1875  
589  6     266  565  994  1127  1677  1910  
590  6     63  567  914  1037  1678  1960  
591  6     48  592  863  1187  1679  2023  
592  6     319  660  995  1303  1671  1986  
593  6     274  568  996  1220  1525  2026  
594  6     320  546  942  1305  1680  1724  
595  6     270  661  934  1170  1681  2018  
596  6     49  528  801  1182  1464  2027  
597  6     307  589  797  1339  1587  2028  
598  6     122  384  939  1263  1382  1969  
599  6     47  405  691  1317  1533  1839  
600  6     220  655  997  1200  1491  1823  
601  6     14  514  990  1283  1604  1905  
602  6     321  662  993  1332  1445  1794  
603  6     310  502  994  1340  1506  1933  
604  6     157  642  708  1286  1682  1920  
605  6     188  663  882  1116  1532  2029  
606  6     126  366  766  1345  1664  1873  
607  6     312  588  873  1254  1434  2030  
608  6     80  409  981  1267  1657  1995  
609  6     25  664  998  1282  1645  2031  
610  6     250  665  999  1043  1507  1667  
611  6     322  537  911  1172  1501  1946  
612  6     194  541  803  1344  1619  2032  
613  6     223  416  840  1341  1575  1799  
614  6     310  643  753  1268  1511  1952  
615  6     211  639  813  1191  1661  1998  
616  6     142  666  698  1243  1492  2033  
617  6     60  429  807  1049  1683  1958  
618  6     29  563  964  1178  1684  1817  
619  6     286  491  840  1186  1685  2034  
620  6     278  543  1000  1253  1674  1721  
621  6     40  654  899  1256  1518  1989  
622  6     302  549  845  1291  1542  1845  
623  6     315  667  1001  1073  1395  1945  
624  6     286  393  1002  1331  1459  1732  
625  6     185  461  909  1153  1460  2012  
626  6     239  345  966  1332  1595  2035  
627  6     75  492  1003  1221  1664  1932  
628  6     96  617  1004  1321  1686  1953  
629  6     323  523  1005  1238  1618  1992  
630  6     322  500  1006  1325  1448  1517  
631  6     259  388  1007  1130  1569  1735  
632  6     301  668  947  1203  1529  1889  
633  6     157  585  1008  1346  1659  1941  
634  6     140  426  1009  1174  1605  1874  
635  6     38  669  930  1302  1687  1718  
636  6     228  526  999  1022  1560  1895  
637  6     66  497  895  1159  1481  1791  
638  6     318  670  1010  1083  1418  1774  
639  6     265  364  951  1347  1603  1944  
640  6     300  397  917  1348  1626  2007  
641  6     324  649  963  1219  1543  2019  
642  6     34  517  919  1336  1631  2036  
643  6     290  450  1010  1349  1581  1841  
644  6     13  577  809  1124  1554  1852  
645  6     74  417  908  1234  1565  1819  
646  6     325  665  782  1334  1641  1993  
647  6     178  593  833  1055  1620  1991  
648  6     230  501  890  1349  1600  1762  
649  6     171  621  980  1350  1685  2009  
650  6     326  665  873  1159  1688  1981  
651  6     292  671  886  1204  1495  1814  
652  6     308  542  745  1351  1454  1914  
653  6     306  470  677  1339  1655  1886  
654  6     73  562  754  1066  1628  2037  
655  6     54  630  938  1110  1616  1894  
656  6     240  522  819  1112  1601  2038  
657  6     285  657  961  1147  1485  2014  
658  6     162  469  711  1352  1427  1839  
659  6     327  566  1007  1353  1480  1825  
660  6     42  656  972  1312  1577  1825  
661  6     180  509  977  1232  1633  1899  
662  6     163  469  771  1089  1579  1922  
663  6     278  600  818  1037  1676  1843  
664  6     294  580  1008  1254  1425  2013  
665  6     328  591  829  1031  1583  1954  
666  6     256  597  974  1354  1677  1827  
667  6     238  461  852  1041  1428  1888  
668  6     322  672  843  1158  1538  1993  
669  6     205  645  878  1099  1683  1836  
670  6     283  559  811  1078  1446  2036  
671  6     51  586  702  1333  1645  1852  
672  6     214  528  827  1084  1366  1887  
673  6     130  348  690  1353  1689  2039  
674  6     206  402  685  1355  1690  1813  
675  6     271  641  895  1122  1672  1963  
676  6     127  507  718  1272  1691  1790  
677  6     78  673  997  1210  1540  1743  
678  6     135  524  986  1352  1658  1711  
679  6     47  638  905  1215  1597  1883  
680  6     186  638  956  1080  1464  1903  
681  6     151  475  817  1309  1570  1937  
682  6     289  532  969  1179  1465  1946  
683  6     217  634  910  1338  1615  2037  
684  6     198  480  869  1173  1367  1908  
685  6     325  462  1011  1343  1661  1983  
686  6     186  353  1012  1247  1692  2035  
687  6     253  511  882  1042  1580  1955  
688  6     118  610  868  1216  1620  1731  
689  6     100  556  954  1034  1523  1886  
690  6     59  615  889  1345  1693  1884  
691  6     134  588  1013  1351  1554  2000  
692  6     107  599  751  1266  1676  1807  
693  6     174  647  948  1179  1669  1850  
694  6     328  496  707  1100  1468  1818  
695  6     280  650  958  1175  1678  2021  
696  6     329  628  967  1184  1569  1822  
697  6     330  637  893  1307  1472  1845  
698  6     92  422  733  1338  1694  2007  
699  6     308  507  1014  1237  1559  1848  
700  6     272  353  944  1140  1607  1829  
701  6     3  379  943  1356  1552  1872  
702  6     331  382  917  1218  1413  1889  
703  6     293  417  711  1178  1695  1849  
704  6     298  498  812  1322  1663  1996  
705  6     332  674  756  1357  1408  2021  
706  6     170  675  699  1060  1534  1934  
707  6     221  394  802  1358  1691  1989  
708  6     330  410  693  1242  1574  2013  
709  6     333  550  969  1335  1480  1958  
710  6     307  504  857  1226  1479  2040  
711  6     226  489  862  1109  1470  1816  
712  6     239  520  934  1350  1696  1776  
713  6     85  669  714  1276  1589  1897  
714  6     83  672  1015  1036  1693  1807  
715  6     119  451  683  1284  1667  1912  
716  6     245  477  998  1230  1695  1788  
717  6     114  418  1016  1076  1430  1990  
718  6     165  590  978  1355  1458  2041  
719  6     162  676  1001  1304  1653  1759  
720  6     288  483  1002  1078  1578  1883  
721  6     273  576  869  1084  1639  1956  
722  6     252  494  729  1323  1697  2031  
723  6     315  342  730  1165  1698  2042  
724  6     334  669  972  1229  1651  2043  
725  6     285  428  737  1050  1583  1851  
726  6     122  677  702  1070  1524  1773  
727  6     201  552  815  1074  1490  1934  
728  6     143  427  906  1278  1669  2036  
729  6     4  606  1017  1033  1691  1756  
730  6     146  626  757  1274  1497  2044  
731  6     54  473  746  1301  1382  1855  
732  6     289  360  689  997  1699  1956  
733  6     63  578  1018  1359  1700  1800  
734  6     268  646  1019  1295  1466  1826  
735  6     9  678  1002  1174  1378  1975  
736  6     200  457  792  1131  1528  2033  
737  6     335  651  1020  1068  1415  2038  
738  6     145  362  688  1344  1370  2045  
739  6     317  648  789  1036  1193  1994  
740  6     14  572  959  1251  1701  1810  
741  6     210  558  936  1201  1701  1972  
742  6     292  502  940  1200  1517  1968  
743  6     8  679  898  1333  1463  1844  
744  6     300  680  856  1358  1648  2008  
745  6     309  449  784  1081  1486  2016  
746  6     134  617  861  1222  1370  2035  
747  6     65  574  1021  1304  1702  2040  
748  6     332  467  980  1359  1703  1759  
749  6     273  351  793  1212  1439  1880  
750  6     305  582  952  1357  1552  1868  
751  6     305  618  779  1231  1613  1939  
752  6     164  573  706  1236  1586  1774  
753  6     82  562  1009  1360  1549  1925  
754  6     193  470  977  1064  1387  2009  
755  6     336  608  1021  1361  1688  1905  
756  6     228  616  703  1241  1564  1815  
757  6     45  653  887  1261  1690  1948  
758  6     316  595  872  1297  1640  1724  
759  6     324  554  828  1360  1660  1792  
760  6     176  639  933  1360  1704  2028  
761  6     16  381  924  1286  1705  1793  
762  6     279  487  929  1242  1424  1902  
763  6     115  345  870  1054  1589  1979  
764  6     337  603  1020  1337  1431  1988  
765  6     117  621  841  1322  1386  2031  
766  6     221  597  1000  1302  1585  1951  
767  6     216  504  996  1087  1514  1884  
768  6     338  636  911  1149  1706  2044  
769  6     13  670  995  1341  1551  2040  
770  6     280  583  920  1034  1672  2001  
771  6     243  604  914  1103  1482  2039  
772  6     86  647  955  1277  1666  1861  
773  6     132  558  987  1180  1441  1869  
774  6     189  407  902  1185  1443  1917  
775  6     174  391  670  1273  1636  1896  
776  6     84  632  898  1326  1392  2004  
777  6     211  415  916  1079  1694  1754  
778  6     320  602  850  1108  1580  2046  
779  6     328  598  1001  1038  1609  1758  
780  6     337  383  905  1244  1476  1961  
781  6     277  681  1022  1272  1707  2029  
782  6     193  464  922  1321  1708  1890  
783  6     34  623  945  1103  1709  1733  
784  6     260  571  860  1357  1710  1733  
785  6     88  662  891  1348  1432  1911  
786  6     298  626  857  1115  1481  1895  
787  6     334  553  904  1296  1385  1930  
788  6     156  439  1023  1042  1710  1923  
789  6     297  361  988  1081  1711  1939  
790  6     339  430  1005  1330  1398  2018  
791  6     112  614  894  1154  1364  1802  
792  6     4  363  924  1331  1520  1877  
793  6     299  442  1009  1354  1712  1908  
794  6     269  608  931  1143  1607  1747  
795  6     170  474  778  1142  1713  1731  
796  6     106  543  851  979  1639  1921  
797  6     281  503  889  1074  1471  2047  
798  6     2  646  981  1013  1483  1935  
799  6     335  519  1024  1091  1642  1655  
800  6     0  444  937  1047  1631  2034  
801  6     255  455  1018  1328  1656  1878  
802  6     175  359  963  1362  1501  2017  
803  6     155  557  738  1275  1540  1751  
804  6     234  598  788  1232  1374  1882  
805  6     103  611  757  1183  1538  1768  
806  6     214  627  944  1363  1703  1940  
807  6     112  408  975  1319  1486  1783  
808  6     290  680  722  1067  1416  1849  
809  6     19  392  1025  1311  1594  1894  
810  5     209  384  1015  1101  1656  
811  6     92  571  774  1173  1600  2045  
812  6     17  616  1026  1329  1643  2025  
813  6     321  557  855  1289  1668  1966  
814  6     90  443  813  1080  1702  1783  
815  6     200  658  1000  1364  1714  1770  
816  6     173  660  974  1051  1582  1980  
817  6     121  422  989  1300  1678  1687  
818  6     160  535  964  1235  1489  1982  
819  6     333  661  722  1308  1568  1978  
820  6     111  612  999  1224  1406  1992  
821  6     296  343  720  1055  1704  1954  
822  6     138  682  846  1356  1670  1965  
823  6     176  371  793  1192  1571  1901  
824  6     266  476  844  1023  1439  2041  
825  6     257  536  781  1317  1465  1812  
826  6     311  606  863  1365  1652  2010  
827  6     10  584  726  1227  1565  2024  
828  6     326  407  806  1128  1647  1945  
829  6     153  600  691  1261  1621  2028  
830  6     281  677  1023  1206  1646  1801  
831  6     327  480  938  1252  1593  1853  
832  6     80  446  979  1143  1402  1758  
833  6     184  396  740  1250  1420  1906  
834  6     128  644  762  1097  1673  1869  
835  6     27  465  1027  1089  1705  2005  
836  6     336  430  894  1233  1576  2038  
837  6     123  663  891  1077  1649  1881  
838  6     236  592  833  1176  1384  1931  
839  6     231  545  1012  1326  1599  1782  
840  6     251  495  820  1366  1591  1824  
841  6     53  623  679  1115  1567  2026  
842  6     154  683  941  1249  1647  1982  
843  6     261  659  907  1175  1598  1796  
844  6     140  682  703  1271  1444  2003  
845  6     287  515  1019  1201  1662  1857  
846  6     275  548  784  1123  1700  1727  
847  6     95  487  847  1132  1453  1463  
848  6     288  527  760  1310  1634  1821  
849  6     208  373  968  1161  1473  1820  
850  6     252  652  831  1152  1637  1998  
851  6     1  387  992  1223  1585  2025  
852  6     212  406  909  1134  1414  1779  
853  6     146  479  826  1167  1715  2043  
854  6     203  532  1015  1318  1615  1988  
855  6     36  458  1028  1367  1542  2020  
856  6     108  378  968  1285  1679  1879  
857  6     243  356  828  1293  1648  1719  
858  6     231  640  1003  1005  1563  1984  
859  6     340  664  975  1072  1707  2020  
860  6     226  540  837  1352  1681  1997  
861  6     227  511  931  1319  1518  2006  
862  6     116  369  795  1062  1716  1885  
863  6     65  463  998  1324  1689  1948  
864  6     277  595  900  1106  1474  1827  
865  6     52  634  1021  1157  1588  1855  
866  6     26  581  971  1099  1500  1752  
867  6     265  659  741  1329  1429  1782  
868  6     131  554  955  1069  1622  2006  
869  6     237  684  991  1298  1654  1709  
870  6     313  493  812  1353  1537  1777  
871  6     245  681  865  1169  1473  1919  
872  6     126  618  950  1039  1681  1689  
873  6     325  589  907  1342  1682  1767  
874  6     10  536  1029  1361  1460  1728  
875  6     338  358  862  1202  1717  1835  
876  6     291  547  943  1250  1590  1692  
877  6     130  376  1010  1104  1625  1933  
878  6     104  497  706  1280  1632  1926  
879  6     319  379  853  1270  1633  2002  
880  6     327  542  994  1100  1660  1806  
881  6     216  666  1007  1314  1449  1834  
882  6     320  482  752  1359  1455  1472  
883  6     256  551  783  1118  1556  2026  
884  6     235  454  970  1271  1567  1915  
885  6     195  389  952  1298  1677  1959  
886  6     283  499  765  1281  1706  1833  
887  6     76  636  874  1324  1407  1804  
888  6     262  522  814  1063  1490  1985  
889  6     248  684  741  1136  1500  1943  
890  6     314  344  978  1167  1587  1909  
891  6     276  405  945  1366  1412  1458  
892  6     55  375  976  1346  1462  1791  
893  6     267  668  920  1144  1708  2039  
894  6     25  572  884  1248  1668  1750  
895  6     275  635  856  1336  1688  1761  
896  6     222  675  1017  1136  1478  1909  
897  6     5  544  991  1327  1711  2042  
898  6     150  531  805  1090  1559  1859  
899  6     108  364  896  1191  1389  1968  
900  6     39  341  967  1054  1502  1923  
901  6     333  420  1012  1275  1701  1870  
902  6     199  354  1022  1057  1674  1757  
903  6     175  400  729  1320  1377  1959  
904  6     323  673  1017  1262  1657  1983  
905  6     68  361  1027  1363  1373  1937  
906  6     331  666  861  1310  1400  2016  
907  6     177  662  1030  1347  1544  2043  
908  6     263  653  948  1315  1650  1765  
909  6     111  615  854  1155  1640  1942  
910  6     257  678  939  1144  1641  2033  
911  6     165  656  704  1301  1507  1705  
912  6     229  593  719  1247  1504  1769  
913  6     179  460  953  1307  1539  1976  
914  6     69  673  724  1041  1658  1763  
915  6     321  503  772  1088  1602  1963  
916  6     160  679  877  1364  1611  1780  
917  5     236  630  847  1279  1715  
918  6     332  560  1006  1137  1608  1995  
919  6     198  684  866  1246  1455  1760  
920  6     145  620  971  1121  1510  1734  
921  6     329  583  733  1141  1709  1790  
922  6     294  661  851  1190  1479  1778  
923  6     11  637  779  1318  1697  1854  
924  6     115  658  686  1335  1478  1965  
925  6     190  629  858  1313  1579  1860  
926  6     30  425  1003  1311  1704  1987  
927  6     222  578  783  1190  1625  2012  
928  6     317  553  734  1256  1487  1697  
929  6     329  510  796  1279  1462  1942  
930  6     105  346  897  1091  1699  2023  
931  6     187  631  860  1194  1475  1879  
932  6     187  501  961  1368  1712  2005  
933  6     293  390  912  1312  1686  1900  
934  6     326  601  763  1340  1683  1902  
935  6     67  362  881  1134  1670  1707  
936  6     304  419  950  1168  1717  2027  
937  5     218  450  892  1306  1414  
938  6     179  678  983  1363  1557  1936  
939  6     74  453  1014  1362  1576  2034  
940  6     152  654  1027  1096  1530  2019  
941  6     12  619  904  1239  1690  1926  
942  6     323  448  915  1295  1529  1858  
943  6     258  390  888  1196  1634  1736  
944  6     227  627  887  1128  1693  2032  
945  6     324  399  958  1288  1516  1761  
946  6     241  674  992  1199  1502  2037  
947  6     258  365  1016  1288  1614  1928  
948  6     87  531  982  1259  1659  1748  
949  6     33  374  700  1229  1523  1840  
950  6     113  651  777  1323  1698  1973  
951  6     272  590  858  1221  1367  1918  
952  6     62  438  747  1246  1718  1973  
953  6     136  386  956  1274  1515  2030  
954  6     313  601  918  1188  1572  1931  
955  6     192  609  1011  1056  1698  1877  
956  6     341  614  1028  1228  1719  1999  
957  6     246  664  695  1266  1716  2046  
958  6     340  439  982  1314  1653  1893  
959  6     16  680  1013  1233  1545  1744  
960  6     66  613  941  1106  1637  1913  
961  6     284  580  932  1347  1700  1974  
962  6     159  642  770  1369  1396  1997  
963  6     260  472  942  1354  1623  1673  
964  6     224  514  747  1343  1571  1924  
965  6     172  648  867  1368  1546  2000  
966  6     318  517  1025  1189  1692  2015  
967  6     225  492  732  1251  1375  2027  
968  6     311  432  1008  1194  1516  1972  
969  6     249  633  988  1158  1687  1866  
970  6     166  643  676  1349  1392  1927  
971  6     89  663  915  1098  1675  1888  
972  6     319  570  738  1165  1493  1975  
973  6     50  667  768  1137  1616  1891  
974  6     72  682  937  1046  1720  2022  
975  6     127  433  742  1350  1376  1806  
976  6     337  607  717  1129  1598  2032  
977  6     147  402  947  1369  1654  2003  
978  6     84  435  1019  1075  1684  2047  
979  6     338  533  808  1208  1584  1915  
980  6     182  496  957  1241  1612  1871  
981  6     75  672  776  1351  1721  1741  
982  6     149  667  760  1342  1602  1971  
983  6     295  683  771  1032  1591  1719  
984  6     331  539  986  1361  1624  1870  
985  6     201  660  832  1162  1489  1832  
986  6     287  505  906  1290  1467  1522  
987  6     82  675  864  1325  1435  1771  
988  6     303  555  824  1257  1675  1947  
989  6     244  685  897  1205  1482  1781  
990  6     172  530  976  1086  1526  2029  
991  6     336  380  953  1346  1411  2001  
992  6     309  624  973  1337  1555  1980  
993  6     206  427  1018  1287  1562  1738  
994  6     330  577  786  1105  1714  1729  
995  6     30  540  1026  1184  1428  1838  
996  6     71  686  996  1258  1564  1914  
997  6     185  541  900  1069  1636  1767  
998  6     259  516  762  1155  1597  1974  
999  6     306  574  787  1171  1617  2017  
1000  6     314  349  925  1213  1541  1799  
1001  6     6  565  954  1277  1621  2015  
1002  6     339  538  822  1255  1713  2011  
1003  6     36  602  1020  1237  1702  1990  
1004  6     213  671  829  1146  1662  2046  
1005  6     183  495  876  1145  1682  2042  
1006  6     334  509  886  1217  1413  2030  
1007  6     304  641  819  1299  1562  1831  
1008  6     339  676  735  1063  1644  1730  
1009  6     269  472  1004  1258  1718  1929  
1010  6     254  521  1029  1150  1703  1793  
1011  5     255  563  697  1348  1630  
1012  6     104  594  1031  1202  1635  1686  
1013  6     207  655  874  1093  1696  1710  
1014  6     131  640  671  1163  1573  1821  
1015  6     125  569  1006  1365  1566  1912  
1016  6     23  674  740  1284  1695  1880  
1017  6     204  346  808  1118  1663  1950  
1018  6     335  421  899  1315  1665  2044  
1019  6     109  436  1024  1345  1712  2011  
1020  6     263  368  1011  1215  1461  1741  
1021  6     340  587  743  1265  1563  2002  
1022  6     264  551  1016  1320  1643  1808  
1023  6     166  445  990  1097  1671  1944  
